const double CG50RR[190] = {2.03049,0.504754,1.18106,0.176222,1.89564,0.378192,0.141708,0.603419,0.330212,0.950535,0.341057,1.31696,1.03739,0.473729,4.77952,2.29473,2.32627,0.104394,0.152707,0.088683,0.00469828,0.910732,0.58788,0.697425,0.314919,0.0181307,0.542669,0.831487,0.657149,0.109296,0.117216,0.799117,3.07713,1.18014,1.69238,0.457301,1.05274,5.01875,0.0148698,0.908473,0.89823,0.012098,0.262369,0.014226,0.0282929,4.71787,0.417104,0.508355,0.115388,1.24846,0.44745,0.0459333,0.0278088,0.126761,0.0157006,0.44865,0.393497,0.047503,1.57927,0.070686,0.179361,0.545735,0.471375,3.73648,0.316227,0.63433,0.617146,0.282349,0.0650709,0.0966627,0.0543156,0.77061,1.06125,0.0258938,2.36068,1.72266,0.0851201,0.0748267,0.0391012,0.0559806,0.309739,0.136166,0.589837,1.75677,8.20694,0.329322,0.00634532,0.340171,0.0335622,0.10874,1.40896,0.231758,0.314721,0.466817,1.77435,0.156214,0.0673098,0.183702,0.0391402,0.117672,0.694314,0.419971,0.447983,4.32247,0.566547,4.5096,2.37735,0.991946,0.567634,0.127338,0.521382,4.70861,0.177473,4.14251,4.66531,0.176877,0.0835911,0.0837714,0.137849,0.0689384,1.14208,11.022,0.0858314,0.221245,0.157262,0.775773,2.19191,0.43297,3.17237,6.02359,0.807458,1.24237,0.199792,0.0448579,0.110005,6.37191,0.0725243,0.306182,0.660228,0.343389,0.186884,0.314517,1.76299,0.522463,0.311338,0.382589,0.117454,1.68561,0.526442,0.333687,2.05024,2.07433,0.615461,0.451775,0.186243,1.66908,0.729296,4.38486,2.15927,0.0918355,0.0381091,0.57255,0.778316,0.409123,1.47032,0.63879,0.313027,0.0777718,0.0704034,2.66525,1.24825,1.08518,0.235889,0.20469,0.21272,0.927587,0.621994,0.180421,0.499435,0.248503,6.58655,0.109045,0.141456,0.327775,2.09929,0.0705747,0.184347,0.136495,0.214855,2.18665};

const double CG50StatWeight[50] = {0.00900257,0.0116695,0.00671684,0.00671106,0.0213038,0.0239525,0.00906347,0.0224708,0.00935927,0.000832967,0.00922964,0.00368689,0.121198,0.00459856,0.0454193,0.0674107,0.00613985,0.0290999,0.00253986,0.0343031,0.00632091,0.206561,0.00770799,0.0863944,0.00426762,0.0141796,0.00936515,0.00424548,0.00568493,0.0186798,0.00736598,0.00537841,0.00913881,0.00681357,0.00279223,0.011548,0.0142288,0.00859468,0.0247643,0.00920131,0.018344,0.011497,0.0120652,0.0054294,0.00358691,0.00957676,0.002896,0.0113598,0.015397,0.00190672};

const double CG50StatFix[50][20] = 
{{0.0214347,0.00806279,0.221178,0.0122703,0.167271,0.0131425,0.00762764,0.07403,0.00774683,0.133953,0.0222348,0.140943,0.0123039,0.00736134,0.012993,0.0217754,0.0132751,0.0799658,0.0153556,0.0070755},
{0.225067,0.0194698,0.00598473,0.00498406,0.0722669,0.0289724,0.00624775,0.083929,0.00484461,0.11471,0.0191127,0.00651688,0.00653398,0.00507116,0.00709827,0.184685,0.0207273,0.0368793,0.120812,0.0260865},
{0.0486098,0.0202791,0.0121077,0.0195674,0.0335347,0.0394645,0.056484,0.0537679,0.0283202,0.130187,0.0188516,0.0244565,0.0262858,0.0295471,0.211545,0.0388899,0.0529205,0.0836983,0.0201461,0.0513365},
{0.229698,0.0134534,0.00541598,0.007715,0.0639091,0.0454587,0.00498395,0.063225,0.00632309,0.0422893,0.0121949,0.00775737,0.294116,0.00589434,0.0074369,0.0319538,0.0247838,0.0642133,0.0101692,0.059009},
{0.0711323,0.00558019,0.0822729,0.058697,0.0750759,0.117432,0.0168943,0.0103449,0.0592318,0.0176644,0.00731667,0.037574,0.159831,0.0332996,0.0489148,0.0689579,0.0398562,0.0160687,0.00751868,0.0663369},
{0.0828167,0.00792349,0.065875,0.0734199,0.0256692,0.0399903,0.0218061,0.0706354,0.13911,0.103563,0.0199927,0.0443485,0.0177537,0.0461386,0.0376396,0.0558978,0.0509642,0.0675227,0.00646651,0.0224666},
{0.326661,0.00571154,0.00377205,0.00454124,0.0915568,0.379742,0.00275726,0.00558186,0.00376458,0.00990687,0.00285698,0.00418164,0.00412098,0.00272639,0.00466392,0.024581,0.00980078,0.00960349,0.00760846,0.0958614},
{0.0737151,0.0151647,0.0136943,0.0163712,0.0447384,0.0454326,0.0193122,0.0548751,0.0149264,0.0998861,0.0198665,0.0262036,0.248271,0.0192554,0.0185473,0.0553653,0.0592277,0.0891102,0.0229685,0.0430685},
{0.083985,0.0142698,0.0884376,0.0459966,0.0715223,0.040113,0.145091,0.0507898,0.0350215,0.0742728,0.0238076,0.0318826,0.0173944,0.0319073,0.0311057,0.0511689,0.0414744,0.071638,0.0168443,0.0332775},
{0.0237196,0.00244913,0.0632928,0.0342324,0.0113323,0.0782817,0.0126045,0.0131899,0.328053,0.101558,0.0846367,0.108678,0.0140162,0.031974,0.0233979,0.0257528,0.017478,0.0124345,0.00500658,0.00791196},
{0.165626,0.00468655,0.0659397,0.118136,0.0213418,0.0367859,0.0148564,0.0352276,0.0655068,0.0465158,0.0116687,0.0272495,0.157591,0.0360739,0.0396488,0.0486896,0.0385449,0.043329,0.00562515,0.0169571},
{0.0553796,0.0151978,0.0178629,0.0332022,0.0281072,0.0445072,0.0446039,0.0391849,0.0210838,0.196846,0.0316852,0.0311958,0.0144065,0.217685,0.0241753,0.0407493,0.0469361,0.0606757,0.0154481,0.0210664},
{0.0723329,0.0116056,0.0445291,0.10178,0.0444334,0.0381329,0.0285681,0.0605526,0.0614937,0.0781676,0.0207096,0.0377857,0.0173276,0.0457534,0.067275,0.0586363,0.0641554,0.0839844,0.0165268,0.0462499},
{0.0131766,0.00346865,0.00191692,0.0015176,0.0692599,0.525575,0.00315431,0.104224,0.00142764,0.0286054,0.00764532,0.00353881,0.00300401,0.00165871,0.00284608,0.0126751,0.00639735,0.115323,0.00990813,0.0846783},
{0.155477,0.00758695,0.0484461,0.0980626,0.0246501,0.034977,0.019243,0.05285,0.0617497,0.127566,0.0231069,0.0338875,0.0139008,0.0511721,0.0712255,0.0500262,0.0430288,0.0549225,0.0069556,0.0211657},
{0.0775056,0.00910829,0.0547977,0.0711779,0.0302817,0.113439,0.0226071,0.0665231,0.060111,0.0977125,0.0239967,0.0448015,0.0184147,0.0489651,0.0582821,0.064203,0.0465052,0.0587052,0.00882817,0.0240348},
{0.0321994,0.0078224,0.00786936,0.00841843,0.0165229,0.0354359,0.00734545,0.0402675,0.125662,0.308329,0.0138118,0.00839584,0.0144099,0.0134804,0.117529,0.0147605,0.0157826,0.192091,0.00997537,0.00989139},
{0.0267322,0.00465574,0.0635923,0.052317,0.00684803,0.227009,0.0331728,0.105909,0.0893813,0.0242623,0.00646382,0.075582,0.0102979,0.0477259,0.0570883,0.0316721,0.0175668,0.107919,0.00333718,0.00846774},
{0.0293332,0.0104953,0.012344,0.0339955,0.0473496,0.0238437,0.15154,0.103552,0.0185362,0.0363438,0.00991661,0.210223,0.0361882,0.0228873,0.0256944,0.0252337,0.0177471,0.107199,0.0446856,0.0328921},
{0.0650593,0.00840784,0.0544778,0.0808585,0.0484164,0.0532176,0.022325,0.072853,0.0756376,0.0783673,0.0204155,0.0407797,0.017791,0.0425433,0.0531104,0.0983502,0.04653,0.0593344,0.0120422,0.0494831},
{0.284729,0.0928228,0.00625725,0.00473709,0.0235895,0.034146,0.00574851,0.0439031,0.00561415,0.235211,0.0210194,0.0114054,0.00469191,0.00609934,0.00987391,0.0311627,0.0556536,0.0971795,0.00944299,0.0167125},
{0.0786588,0.0105645,0.0665165,0.0734763,0.0380304,0.0428019,0.0240298,0.0570044,0.0627705,0.117331,0.0237181,0.0419032,0.0181785,0.0501791,0.0597012,0.0597243,0.0556595,0.0679299,0.0131181,0.0387042},
{0.283772,0.0321986,0.00822359,0.00687384,0.0610738,0.0362096,0.007898,0.0246737,0.00782655,0.0466384,0.0183951,0.0111683,0.0125139,0.00662978,0.0105295,0.0263809,0.040523,0.283759,0.0211505,0.0535622},
{0.0813537,0.00782688,0.0604028,0.0744483,0.0284738,0.0394368,0.0215789,0.0584659,0.0618185,0.0818131,0.0204753,0.0356692,0.127384,0.039371,0.0514589,0.0579755,0.0500933,0.0713014,0.00708548,0.0235677},
{0.0905891,0.0160723,0.0197082,0.0278373,0.0503143,0.0708491,0.0201832,0.0430596,0.0389752,0.0429205,0.170478,0.0461859,0.00906362,0.0609074,0.039501,0.0658186,0.0512568,0.0847728,0.0110494,0.0404581},
{0.0769554,0.141657,0.0184275,0.0231851,0.0369089,0.0427406,0.026512,0.0514645,0.0520563,0.0880965,0.0246093,0.026191,0.0168491,0.0329783,0.0634523,0.0716611,0.0534379,0.0919092,0.0187816,0.0421263},
{0.196127,0.018132,0.0188841,0.0172268,0.0245877,0.0529273,0.0834304,0.0851918,0.015334,0.0529894,0.0166967,0.020546,0.00966766,0.0154682,0.017428,0.0747181,0.0463326,0.0802842,0.0257245,0.128304},
{0.0374166,0.0347773,0.0167177,0.0102815,0.20305,0.0271997,0.0136052,0.136189,0.00904311,0.0710655,0.0243866,0.140308,0.00724407,0.00938097,0.0135349,0.159364,0.0248424,0.0419951,0.00993394,0.00966384},
{0.0196925,0.00552313,0.0074211,0.00503798,0.140972,0.0350259,0.00501918,0.00495508,0.00432932,0.0220276,0.00415403,0.0106312,0.0096784,0.00428142,0.00821978,0.186135,0.184807,0.00683733,0.321559,0.0136934},
{0.183722,0.00586283,0.0877931,0.0788525,0.0513447,0.0643219,0.0225794,0.0265987,0.0565859,0.0440291,0.012599,0.0373332,0.0158051,0.0513559,0.087361,0.0555898,0.0388636,0.0256218,0.0187846,0.034996},
{0.0441525,0.00720348,0.0629535,0.0501673,0.0794543,0.238685,0.0238527,0.00861097,0.037356,0.0218036,0.00797044,0.0388446,0.0117668,0.0285973,0.0561638,0.082544,0.109003,0.0143617,0.0103229,0.0661857},
{0.135634,0.0102837,0.00635964,0.00647479,0.0258542,0.219955,0.00701142,0.183549,0.00683777,0.0572472,0.0999204,0.0120632,0.0101317,0.00765039,0.00812786,0.11796,0.0190366,0.0285582,0.00652387,0.030821},
{0.0456402,0.0106243,0.118693,0.0279058,0.0288825,0.153711,0.0146631,0.0221417,0.0132599,0.210286,0.0875839,0.0516188,0.0202022,0.013851,0.0128704,0.0973583,0.0265474,0.0208911,0.00658424,0.0166849},
{0.0274075,0.00493751,0.172308,0.0340644,0.0706715,0.0436819,0.0123553,0.00961089,0.0269368,0.0243841,0.00497664,0.0536727,0.0389453,0.0188656,0.0273661,0.109599,0.138154,0.0116536,0.111603,0.0588071},
{0.033488,0.00365432,0.0586058,0.110597,0.0625168,0.0269472,0.0208516,0.0118424,0.146999,0.0223014,0.00742032,0.0597987,0.0160796,0.0395299,0.0362181,0.0508921,0.144923,0.016928,0.0766736,0.053734},
{0.0188824,0.0032272,0.0997179,0.0277424,0.0192499,0.203953,0.012732,0.150649,0.0170407,0.203251,0.0141193,0.111996,0.011772,0.011144,0.0135608,0.0239892,0.0110263,0.0296726,0.00178323,0.0144903},
{0.0422885,0.0145775,0.109509,0.0352328,0.030695,0.0273664,0.0269274,0.0824142,0.0590594,0.0771516,0.0181064,0.0754771,0.0174769,0.0335254,0.0690189,0.0516945,0.0355469,0.0826922,0.0552124,0.0560278},
{0.182014,0.0265617,0.00674673,0.00656692,0.0307606,0.0310612,0.00967731,0.0290588,0.00603855,0.0508792,0.0160966,0.00874649,0.0093806,0.0067142,0.00785415,0.0451626,0.189614,0.136739,0.106372,0.0939546},
{0.160315,0.0333805,0.0079452,0.00801321,0.092492,0.220132,0.00793416,0.053201,0.00820483,0.121013,0.0321201,0.0136682,0.0136108,0.00959875,0.011813,0.0472728,0.0515062,0.07297,0.0175984,0.0172106},
{0.0212982,0.00948981,0.134146,0.161912,0.196386,0.02299,0.00500057,0.0209348,0.0124627,0.265965,0.02317,0.01196,0.0179048,0.0140951,0.0107164,0.0169699,0.0148025,0.0214182,0.0116234,0.00675536},
{0.0437888,0.00817691,0.048532,0.0861886,0.0393522,0.0240316,0.0257765,0.0687433,0.0730792,0.0736122,0.0203908,0.0325254,0.0146774,0.0470077,0.065822,0.0394014,0.158562,0.0790047,0.0144053,0.0369223},
{0.203517,0.00440126,0.061856,0.105891,0.0604752,0.0387545,0.0171054,0.0262665,0.127004,0.0372463,0.0108642,0.0414034,0.0144238,0.0514598,0.0402549,0.0519748,0.0394305,0.0252181,0.0068053,0.0356481},
{0.0957745,0.015448,0.0199684,0.0314944,0.0346142,0.035888,0.035955,0.0539959,0.0506955,0.131198,0.0254862,0.136477,0.0125714,0.0389344,0.0674028,0.0470554,0.0395577,0.0654315,0.00851784,0.0535343},
{0.0552712,0.00452499,0.0661908,0.127118,0.00604743,0.0346082,0.0157723,0.0144688,0.117209,0.0192821,0.0066869,0.0314965,0.303561,0.0352357,0.0388286,0.0475496,0.0470676,0.0199645,0.0026662,0.0064505},
{0.0475493,0.0308161,0.0197135,0.0143412,0.0191954,0.0445499,0.00906242,0.0420539,0.0119714,0.186021,0.0193712,0.159302,0.0186019,0.0169961,0.0121317,0.0386223,0.197241,0.096143,0.00591606,0.0104005},
{0.0800118,0.0111459,0.0269546,0.124576,0.0217392,0.0221507,0.0180006,0.0343782,0.0970388,0.052946,0.0171654,0.0263939,0.018842,0.0550463,0.0469843,0.0425218,0.0803811,0.20353,0.00316147,0.0170323},
{0.0335464,0.0168668,0.0168352,0.0131841,0.00639734,0.296219,0.00730897,0.108284,0.0108252,0.0233018,0.00539335,0.0198052,0.014667,0.0114374,0.0135504,0.259104,0.0190453,0.114025,0.00390286,0.00630033},
{0.0612013,0.0170489,0.0173954,0.0330209,0.0358336,0.0266089,0.0315536,0.033043,0.0970651,0.253891,0.0257246,0.0239564,0.0128783,0.0423793,0.0746546,0.0355754,0.0354014,0.0427127,0.0164504,0.0836045},
{0.019283,0.0049941,0.157051,0.0474776,0.012215,0.282429,0.00800079,0.0857461,0.0116645,0.165453,0.0133793,0.0362302,0.00738223,0.010992,0.00835791,0.021361,0.00967332,0.0904807,0.00265763,0.00517248},
{0.045902,0.0513681,0.00562449,0.00664994,0.0227219,0.0224915,0.00612291,0.193085,0.0293532,0.0371005,0.0203279,0.0122309,0.0336271,0.00912338,0.0197408,0.0211941,0.392613,0.0518091,0.00254233,0.0163725}};

