components,50


exchangeabilities
AC,AD,AE,AF,AG,AH,AI,AK,AL,AM,AN,AP,AQ,AR,AS,AT,AV,AW,AY,CD,CE,CF,CG,CH,CI,CK,CL,CM,CN,CP,CQ,CR,CS,CT,CV,CW,CY,DE,DF,DG,DH,DI,DK,DL,DM,DN,DP,DQ,DR,DS,DT,DV,DW,DY,EF,EG,EH,EI,EK,EL,EM,EN,EP,EQ,ER,ES,ET,EV,EW,EY,FG,FH,FI,FK,FL,FM,FN,FP,FQ,FR,FS,FT,FV,FW,FY,GH,GI,GK,GL,GM,GN,GP,GQ,GR,GS,GT,GV,GW,GY,HI,HK,HL,HM,HN,HP,HQ,HR,HS,HT,HV,HW,HY,IK,IL,IM,IN,IP,IQ,IR,IS,IT,IV,IW,IY,KL,KM,KN,KP,KQ,KR,KS,KT,KV,KW,KY,LM,LN,LP,LQ,LR,LS,LT,LV,LW,LY,MN,MP,MQ,MR,MS,MT,MV,MW,MY,NP,NQ,NR,NS,NT,NV,NW,NY,PQ,PR,PS,PT,PV,PW,PY,QR,QS,QT,QV,QW,QY,RS,RT,RV,RW,RY,ST,SV,SW,SY,TV,TW,TY,VW,VY,WY,
2.00826,0.505601,1.19021,0.176731,1.89628,0.379416,0.136192,0.599803,0.327208,0.937048,0.342079,1.32184,1.04174,0.474013,4.78217,2.29707,2.32854,0.112743,0.152601,0.088207,0.00473356,0.898699,0.588044,0.709961,0.312609,0.0182939,0.539406,0.806626,0.658521,0.109492,0.119336,0.806279,3.08611,1.17736,1.68801,0.491291,1.06672,4.95924,0.0162827,0.90827,0.899283,0.0122269,0.261204,0.0148924,0.0283384,4.69394,0.411424,0.502068,0.115135,1.2403,0.447723,0.0439292,0.0278984,0.123162,0.0165135,0.443486,0.39684,0.0472657,1.58761,0.0717817,0.168771,0.541365,0.471414,3.70946,0.316676,0.636619,0.6189,0.285053,0.0640684,0.094394,0.0485992,0.751012,1.06641,0.0249304,2.3846,1.70657,0.0854398,0.0724008,0.0386489,0.0551002,0.311333,0.137498,0.595197,1.97342,8.19005,0.330112,0.00663318,0.335537,0.0320598,0.115854,1.40069,0.232322,0.312284,0.46466,1.7913,0.155823,0.0702402,0.182133,0.0409116,0.118346,0.682734,0.418787,0.423008,4.35481,0.567937,4.54308,2.35576,0.985546,0.576335,0.127338,0.52093,4.77407,0.178108,4.11604,4.65617,0.182271,0.0837501,0.0834606,0.136049,0.0655604,1.13296,10.948,0.0875478,0.222778,0.161126,0.770123,2.18431,0.433168,3.15756,5.99847,0.808392,1.24455,0.204365,0.0457134,0.105612,6.2741,0.0739811,0.308105,0.669762,0.349606,0.184144,0.311897,1.74212,0.552449,0.307625,0.396524,0.117076,1.66849,0.523031,0.336823,2.05313,2.05539,0.585165,0.44723,0.18706,1.66307,0.723953,4.35609,2.18875,0.0879029,0.0392497,0.565865,0.782928,0.412012,1.46259,0.642549,0.314028,0.0717611,0.0682042,2.65556,1.25249,1.0871,0.236018,0.202769,0.213297,0.927079,0.622906,0.183269,0.495185,0.245284,6.60995,0.109556,0.145842,0.328644,2.06724,0.0680784,0.189272,0.143434,0.217811,2.30764,

weights
0.072987,0.00912628,0.00441647,0.00968361,0.00511777,0.00603062,0.00472992,0.00353778,0.0106536,0.00522709,0.00671672,0.00699576,0.0117576,0.00644843,0.0573875,0.0234843,0.0125622,0.0201405,0.0095242,0.0249257,0.0116469,0.00852699,0.00723911,0.00685271,0.0298243,0.0617799,0.0221798,0.0466689,0.083836,0.00259172,0.0163706,0.00593832,0.0054877,0.00815922,0.00175056,0.00340043,0.0126176,0.0090302,0.248785,0.00909555,0.00722401,0.0100415,0.00852059,0.00610569,0.00146715,0.00842425,0.00212725,0.019905,0.00643706,0.0165125,

profiles
A,C,D,E,F,G,H,I,K,L,M,N,P,Q,R,S,T,V,W,Y,
0.0758748,0.0123774,0.0693593,0.0675946,0.0389794,0.0410015,0.0293954,0.0634662,0.0567794,0.0790881,0.0221678,0.0403717,0.0185653,0.0473423,0.0651536,0.0612341,0.0561989,0.0765928,0.0371985,0.041259,
0.108509,0.0188206,0.0215306,0.0317872,0.0333647,0.0264837,0.0380288,0.0486178,0.14374,0.112711,0.0292012,0.0249955,0.0132492,0.0347892,0.0472804,0.0472964,0.0450494,0.100961,0.0139687,0.0596145,
0.0349625,0.00301959,0.0678714,0.0710755,0.0805037,0.203465,0.0160828,0.00642645,0.193995,0.0189044,0.00800592,0.0637235,0.0104952,0.0463471,0.0341623,0.0374002,0.0252111,0.0101785,0.00434576,0.0638245,
0.0240131,0.00807125,0.197391,0.0113762,0.0191023,0.0150582,0.00761995,0.0467454,0.00618658,0.266797,0.0160198,0.141395,0.00828501,0.00681395,0.00775449,0.0201139,0.0115786,0.172008,0.00714234,0.00652711,
0.0633921,0.0460907,0.00755905,0.00669865,0.0267822,0.0902698,0.00513315,0.0364308,0.00717285,0.131213,0.021636,0.011363,0.0254462,0.00787056,0.00728407,0.0235881,0.308384,0.147207,0.0118887,0.014591,
0.297221,0.0271779,0.007442,0.00544019,0.0328111,0.0833328,0.00582183,0.0468579,0.00605552,0.219567,0.0203445,0.00842765,0.00602516,0.00725021,0.00888238,0.0205912,0.0312578,0.127057,0.00900868,0.0294282,
0.0599032,0.00456981,0.0747124,0.0929792,0.00681839,0.0379837,0.0174445,0.0145536,0.158175,0.0208034,0.00799556,0.0367817,0.258225,0.0378833,0.0372463,0.0525204,0.0505496,0.0212012,0.00356234,0.00609123,
0.0578934,0.00333004,0.0734693,0.170062,0.0690503,0.0281465,0.0110085,0.00920562,0.0346617,0.0128762,0.00485375,0.0206852,0.253236,0.0263146,0.0232849,0.03796,0.0337382,0.0157661,0.044341,0.070116,
0.0389005,0.00733044,0.0530259,0.0750442,0.0337605,0.0203841,0.0227127,0.0967553,0.0970273,0.0577443,0.0189469,0.0360675,0.01498,0.0417936,0.0511202,0.0351871,0.191885,0.0636324,0.0126833,0.0310188,
0.242217,0.170701,0.00798613,0.004684,0.0299248,0.0517109,0.00594685,0.0496708,0.00566577,0.175977,0.0263638,0.0185045,0.00533402,0.00564049,0.00885642,0.0484218,0.0561347,0.0576977,0.0135931,0.0149693,
0.0308814,0.00727529,0.00285059,0.00253363,0.205326,0.316598,0.00272149,0.0225485,0.0044507,0.282966,0.0194266,0.00538884,0.0208494,0.00370905,0.00550826,0.0168941,0.0101066,0.0240003,0.010073,0.00589207,
0.22589,0.0129473,0.00554025,0.00775846,0.0660514,0.0468434,0.00488905,0.0657845,0.00631413,0.0400017,0.0122322,0.00769019,0.290934,0.00588295,0.00718335,0.032701,0.0243392,0.0649599,0.00952426,0.0625326,
0.0693856,0.141538,0.0189486,0.0242434,0.0382515,0.0426036,0.0247869,0.0529393,0.0500331,0.0821123,0.0247433,0.0272069,0.0174885,0.0343977,0.0677898,0.0762809,0.0525574,0.0965038,0.0152338,0.0429552,
0.0383199,0.0240678,0.0290138,0.01264,0.188754,0.044525,0.012186,0.112046,0.0114662,0.0992984,0.0190213,0.124037,0.00921148,0.0101096,0.0162888,0.161644,0.02237,0.0485894,0.00866898,0.00774243,
0.0620748,0.0112223,0.0391795,0.110519,0.0414474,0.0298308,0.0289317,0.0564102,0.0574473,0.0816314,0.020313,0.0333925,0.0147707,0.0460855,0.0776185,0.0519661,0.085777,0.0946445,0.0122054,0.0445322,
0.142864,0.0303706,0.00861627,0.00850284,0.11819,0.212066,0.00824538,0.0543332,0.00828774,0.112165,0.0360628,0.0147258,0.0145712,0.0101058,0.0115732,0.0519195,0.0546162,0.0733081,0.0169777,0.012499,
0.0756014,0.0194984,0.0180131,0.0282003,0.0319568,0.0327511,0.033034,0.0577714,0.0427957,0.121385,0.0246176,0.15757,0.0139561,0.0357986,0.0578191,0.0462633,0.0577719,0.0725125,0.0101296,0.0625534,
0.183173,0.005812,0.086244,0.0812151,0.0561337,0.0636157,0.0215359,0.025918,0.0573561,0.0435491,0.012845,0.0379908,0.0153219,0.0519794,0.0858641,0.0552398,0.0386519,0.0253194,0.0139897,0.0382452,
0.027929,0.0159704,0.138721,0.161413,0.0314586,0.0609789,0.0112312,0.0235477,0.0151699,0.226958,0.0899792,0.0158334,0.0202851,0.0149095,0.0155333,0.0254012,0.0180391,0.0234165,0.0150092,0.0482158,
0.0805608,0.0103935,0.0661821,0.0585977,0.023263,0.0359889,0.0185657,0.0449551,0.063583,0.179798,0.0259317,0.0384978,0.013865,0.0823389,0.0562736,0.0492252,0.0603852,0.0645672,0.00651661,0.0205105,
0.0356596,0.0113769,0.125034,0.033259,0.0639472,0.0293569,0.0209683,0.090729,0.0778509,0.0390356,0.0129765,0.0801914,0.0215622,0.0326118,0.0772044,0.0474671,0.0296894,0.103688,0.00896333,0.0584283,
0.0801559,0.0095334,0.0290374,0.129569,0.0196813,0.0233498,0.0169681,0.0350424,0.104536,0.0501698,0.0166629,0.0287511,0.0194425,0.0545952,0.0439045,0.0436259,0.0812984,0.195792,0.00308427,0.0148009,
0.0404838,0.00622087,0.102259,0.046737,0.0797979,0.203862,0.0160665,0.00809561,0.0349331,0.0197352,0.0070593,0.0376106,0.0127537,0.0295026,0.0484367,0.0859235,0.121001,0.0140712,0.0123455,0.0731056,
0.229471,0.018741,0.00676514,0.00675749,0.0313333,0.0287817,0.0092951,0.0398122,0.00620017,0.0509603,0.0178183,0.00975757,0.00723102,0.00681494,0.00748796,0.0489262,0.172998,0.0894533,0.112582,0.0988137,
0.0248707,0.00470218,0.0646111,0.0474183,0.00691108,0.232102,0.0334847,0.109404,0.0733576,0.0239688,0.00609373,0.0866589,0.0102036,0.0440117,0.0591763,0.0316443,0.0164556,0.111993,0.00396785,0.00896466,
0.0767011,0.0094974,0.0533167,0.0646883,0.0311887,0.11824,0.0229529,0.0614102,0.0565711,0.10082,0.0299211,0.0441659,0.0170791,0.0474471,0.0600986,0.0680641,0.0459766,0.0579413,0.00898027,0.0249393,
0.074104,0.015992,0.0135311,0.0162713,0.045114,0.043226,0.0191044,0.0562447,0.0151653,0.0998936,0.0199108,0.0267487,0.248273,0.0194944,0.0191368,0.0537209,0.059799,0.0885886,0.0242049,0.0414767,
0.156409,0.00737381,0.0486661,0.104073,0.0260077,0.0352748,0.0196014,0.0560489,0.0629232,0.116775,0.0227711,0.0349466,0.0140291,0.0502005,0.0696552,0.050164,0.0426815,0.053858,0.00700566,0.0215356,
0.0823834,0.00779483,0.0593259,0.0755805,0.0274902,0.0393696,0.0212516,0.0582665,0.0614274,0.0833368,0.0205318,0.0355325,0.127326,0.039768,0.0522196,0.0572082,0.0499206,0.0723671,0.00651334,0.0223864,
0.0435238,0.0155086,0.0140089,0.033403,0.133507,0.0379142,0.126808,0.0187962,0.0162295,0.139941,0.0683195,0.192678,0.0188099,0.0241486,0.0226908,0.0291029,0.0159823,0.0188891,0.0100784,0.0196605,
0.075905,0.00627122,0.0657068,0.0613688,0.0660243,0.146847,0.0226578,0.012077,0.0605499,0.0204718,0.0086514,0.0396693,0.138834,0.035587,0.0549743,0.0621045,0.0368566,0.0176553,0.0098844,0.0579031,
0.021502,0.00423924,0.145703,0.0285358,0.140504,0.0274637,0.0102244,0.0111869,0.0176149,0.0462283,0.00761733,0.0718181,0.0163012,0.0138648,0.0179676,0.105804,0.136955,0.0118187,0.146493,0.018157,
0.0197768,0.00688537,0.00642121,0.00449013,0.0260473,0.0346401,0.00637914,0.00315574,0.00424761,0.0123787,0.00267679,0.00919457,0.00840946,0.00473929,0.00844843,0.187869,0.181231,0.00553735,0.451804,0.0156671,
0.230628,0.0180316,0.00523365,0.00472676,0.0489601,0.0240985,0.00404282,0.18374,0.00419574,0.0560974,0.0759299,0.00607338,0.00577548,0.00525024,0.00602659,0.198236,0.0162402,0.0267306,0.0539647,0.0260181,
0.0378336,0.00562399,0.0164384,0.0195638,0.0389964,0.0496907,0.113335,0.0512026,0.0143265,0.0429492,0.17974,0.0142797,0.0120529,0.19678,0.0148389,0.0185363,0.0205787,0.14011,0.00411739,0.00900539,
0.033254,0.0198925,0.00980499,0.0140185,0.0301011,0.0322602,0.0777773,0.0674375,0.0232183,0.112636,0.0166612,0.0222854,0.0303882,0.0266692,0.266637,0.03002,0.0362676,0.0802472,0.0216405,0.0487829,
0.096379,0.00876542,0.0107533,0.00682247,0.0193889,0.241017,0.0057701,0.154848,0.0051461,0.203927,0.0145494,0.012873,0.0117615,0.00484296,0.00769222,0.135774,0.0177194,0.026622,0.00350774,0.0118411,
0.325392,0.00643215,0.0037453,0.00445422,0.0893151,0.379471,0.00289541,0.00674676,0.00385039,0.0112351,0.00353165,0.00431947,0.00380114,0.00277995,0.00472671,0.0237473,0.0101266,0.0103035,0.00700145,0.0961247,
0.0738841,0.00973943,0.0602862,0.0840191,0.0418445,0.0462595,0.0236719,0.0639775,0.0718047,0.102366,0.0223737,0.0433711,0.0191272,0.0467542,0.0547645,0.0647416,0.0532916,0.0664399,0.0108318,0.0404513,
0.189701,0.018555,0.0152952,0.0149561,0.0247242,0.0412427,0.0787592,0.0841026,0.0132674,0.0573024,0.0165972,0.0174973,0.00859479,0.0136543,0.0158744,0.110007,0.0403697,0.0798929,0.0232924,0.136315,
0.0969962,0.0139946,0.113982,0.042708,0.0769134,0.0373907,0.133873,0.0668409,0.0221738,0.0544038,0.017998,0.0335414,0.0187336,0.0275712,0.0198939,0.0525536,0.0361569,0.0785015,0.0185706,0.0372028,
0.197612,0.0044096,0.0685729,0.0956416,0.0462054,0.0398883,0.0168638,0.0285945,0.148365,0.0418924,0.0122615,0.0436315,0.0144327,0.0516366,0.0366004,0.053664,0.0414041,0.026617,0.00687447,0.0248322,
0.169374,0.00464111,0.0690373,0.112856,0.0213601,0.0372387,0.0147457,0.0336704,0.0678321,0.0447277,0.0113866,0.027811,0.156508,0.0370637,0.0407344,0.0493644,0.0384726,0.0409103,0.00533254,0.016934,
0.0367892,0.0114913,0.010347,0.0147438,0.0462582,0.0306206,0.0146027,0.0310269,0.131324,0.29229,0.0231887,0.0157155,0.0171646,0.0233829,0.112999,0.0229338,0.020031,0.0350267,0.0108106,0.0992526,
0.0342352,0.00355657,0.0266726,0.216724,0.100513,0.20197,0.00530748,0.00393914,0.0259353,0.00966394,0.0045199,0.0220989,0.00815427,0.167551,0.0270178,0.0190248,0.016154,0.0108268,0.00825305,0.0878828,
0.260941,0.0381999,0.00817357,0.0074164,0.0601955,0.0302809,0.00866328,0.0228084,0.00801261,0.0392437,0.0170618,0.0137927,0.0139505,0.00711292,0.0112711,0.0316466,0.0552848,0.286487,0.0235682,0.0558895,
0.035091,0.013297,0.0297744,0.0524283,0.0465862,0.0621807,0.183956,0.0210712,0.106972,0.166555,0.0259261,0.0318468,0.0111224,0.0355813,0.0531095,0.0316935,0.0281371,0.0241602,0.0152446,0.0252672,
0.0203442,0.00489575,0.150089,0.0382461,0.0158218,0.271421,0.00952505,0.0940453,0.0130597,0.157373,0.0136001,0.0536461,0.00877233,0.0116076,0.00951817,0.0255944,0.0107157,0.0816687,0.00288574,0.00716966,
0.0489981,0.00441142,0.138285,0.0475228,0.0798858,0.0535776,0.0123767,0.0107998,0.0394907,0.0179123,0.00596095,0.0338576,0.190937,0.022434,0.0293371,0.113024,0.0586416,0.0148973,0.00842729,0.0692238,
0.100516,0.0184909,0.0206889,0.0336898,0.0337725,0.0345089,0.0374423,0.0432435,0.0500482,0.185155,0.0227592,0.028857,0.0147076,0.0410472,0.0969502,0.0515882,0.0488821,0.067154,0.0178587,0.0526397,
lnL: -6.7511e+06
