const double CG60RR[190] = {2.03489,0.503571,1.18407,0.173192,1.96172,0.376663,0.137494,0.595438,0.323629,0.960845,0.340616,1.30521,1.03612,0.471374,4.78695,2.30705,2.29946,0.106938,0.157653,0.089765,0.00477401,0.91609,0.581128,0.711287,0.309779,0.018249,0.538243,0.803144,0.6514,0.108035,0.118351,0.803997,3.07031,1.16369,1.6805,0.481103,1.07506,4.92883,0.0159651,0.905807,0.904108,0.0118888,0.261191,0.0146409,0.0294395,4.69152,0.416232,0.501912,0.114427,1.24471,0.44951,0.0440361,0.02834,0.120028,0.0159665,0.448725,0.394181,0.04575,1.58247,0.0718464,0.178109,0.540516,0.469448,3.72282,0.317572,0.637183,0.619518,0.282378,0.0646445,0.0931121,0.0508249,0.76055,1.07561,0.0246484,2.4145,1.71174,0.0907371,0.0763687,0.0382106,0.0548064,0.288327,0.128781,0.606355,1.81115,8.06568,0.325601,0.00659651,0.334865,0.0323737,0.105796,1.39118,0.233669,0.312958,0.464601,1.78658,0.154934,0.0686481,0.180939,0.0440332,0.120041,0.680275,0.423323,0.439281,4.32439,0.571524,4.49381,2.34678,1.00455,0.562087,0.126926,0.505877,4.68671,0.177961,4.10736,4.66042,0.182431,0.0814052,0.0833742,0.135658,0.069965,1.14193,10.9873,0.0856547,0.223929,0.162752,0.782684,2.17118,0.435208,3.15675,5.95782,0.805674,1.24853,0.204202,0.0439361,0.102574,6.36731,0.0736211,0.30358,0.671529,0.350597,0.184037,0.30687,1.75981,0.533553,0.307428,0.379542,0.118073,1.6793,0.524399,0.331537,2.06361,2.06427,0.606939,0.447349,0.186916,1.64887,0.720031,4.35848,2.15987,0.088656,0.0394138,0.549157,0.779795,0.411917,1.4572,0.638582,0.308494,0.0781403,0.0726679,2.64903,1.24534,1.08695,0.235009,0.198453,0.207635,0.923843,0.621501,0.183418,0.49174,0.239294,6.60379,0.108893,0.143796,0.318042,2.06223,0.0773033,0.183957,0.144187,0.218949,2.16707};

const double CG60StatWeight[60] = {0.00418823,0.0114729,0.0063772,0.0165134,0.00225714,0.0076382,0.00280431,0.00249213,0.0555471,0.00299391,0.0100301,0.001281,0.00963893,0.00737191,0.00214803,0.00714751,0.000972136,0.00835644,0.0107334,0.00331094,0.0118114,0.0338559,0.0894205,0.018495,0.00653946,0.0835675,0.00874911,0.00948803,0.00877228,0.0799817,0.00242747,0.00765164,0.0111173,0.0132187,0.0178862,0.00273529,0.00336731,0.00664489,0.00515887,0.160683,0.0172265,0.0138157,0.00310061,0.026549,0.00619331,0.00838417,0.0095709,0.00227887,0.0105387,0.00159332,0.0124242,0.0200322,0.0290606,0.00548089,0.00634009,0.00764041,0.00347481,0.00372489,0.0505757,0.00714892};

const double CG60StatFix[60][20] = 
{{0.269208,0.0133852,0.00551378,0.00801876,0.0130826,0.0354504,0.00439604,0.0773178,0.00668839,0.0364054,0.00980678,0.00844795,0.36152,0.00585515,0.00824929,0.0288898,0.023856,0.0699362,0.00766691,0.00630536},
{0.0631815,0.00650291,0.0744605,0.0727102,0.0201025,0.0402538,0.0200523,0.0834471,0.167258,0.0988666,0.0181843,0.0506377,0.0154051,0.0444493,0.0338524,0.0544521,0.0517279,0.0639354,0.00494362,0.0155772},
{0.0270936,0.00917095,0.026528,0.0274681,0.00957712,0.215832,0.0941376,0.105756,0.0851715,0.0252395,0.00743786,0.0450366,0.0123992,0.0292645,0.100909,0.0311174,0.0187986,0.109756,0.00749667,0.0118092},
{0.0174864,0.00462859,0.15453,0.0273598,0.0138019,0.299935,0.0086635,0.092995,0.00926426,0.158207,0.0130377,0.0546306,0.00700109,0.0079154,0.00671176,0.0223475,0.00883104,0.0847468,0.00283425,0.00507229},
{0.044325,0.0383897,0.00895238,0.0108823,0.0265507,0.0203127,0.00845446,0.178427,0.0410078,0.0390441,0.0236521,0.0135168,0.0252884,0.0123787,0.0289744,0.021754,0.368792,0.0523032,0.00774349,0.0292512},
{0.022275,0.00537013,0.144903,0.174117,0.0180324,0.0356072,0.00741307,0.173052,0.0141813,0.231644,0.0132023,0.012005,0.0362102,0.0130231,0.0153426,0.0183302,0.0122575,0.0261392,0.00889906,0.0179951},
{0.0336128,0.00357236,0.0641784,0.105953,0.0614514,0.0250031,0.0198896,0.0114949,0.140465,0.0185338,0.00681154,0.0562766,0.0169475,0.039163,0.0379935,0.0490814,0.160466,0.0167806,0.0739171,0.0584089},
{0.131704,0.0121435,0.187572,0.0326118,0.097777,0.0462222,0.152133,0.0141752,0.0176715,0.0369091,0.0145438,0.0324512,0.0126299,0.0256363,0.015376,0.069536,0.0231172,0.0182284,0.0218182,0.037743},
{0.0698355,0.0128841,0.0649562,0.0635167,0.0380988,0.0405304,0.0304192,0.0632968,0.0579961,0.0870831,0.0223984,0.0422229,0.0179129,0.0462241,0.0657172,0.0630063,0.0561853,0.0734425,0.0421623,0.0421112},
{0.0259599,0.00326484,0.0408035,0.0476138,0.0779938,0.248402,0.0287015,0.0053891,0.196565,0.0217143,0.0117958,0.0913632,0.00878545,0.0398852,0.0404984,0.0279789,0.0166897,0.00810532,0.00597299,0.0525176},
{0.150585,0.0193062,0.00774527,0.00610292,0.202725,0.125824,0.00817875,0.104107,0.00599113,0.081796,0.0249836,0.0117236,0.0120894,0.00643503,0.00916794,0.124571,0.0247147,0.0466971,0.0188843,0.00837252},
{0.02889,0.00884602,0.0263933,0.0194416,0.0422734,0.0703017,0.201523,0.0219758,0.0146608,0.159773,0.0296105,0.014706,0.0151495,0.199497,0.0152288,0.0137751,0.0289735,0.022591,0.0548255,0.0115647},
{0.0687989,0.0177438,0.00885134,0.0114732,0.0321505,0.0215269,0.00896275,0.0500792,0.0115449,0.13334,0.0173972,0.0196962,0.302351,0.0140331,0.0162833,0.041125,0.0817458,0.10357,0.0165694,0.022758},
{0.0420285,0.0138118,0.0112237,0.0175288,0.0430014,0.0277317,0.0183605,0.0290414,0.122007,0.293225,0.0246236,0.0173059,0.015669,0.0282324,0.106352,0.0244282,0.0231537,0.0346338,0.0142326,0.0934097},
{0.185938,0.0037785,0.0421537,0.107954,0.00900661,0.0267173,0.0116174,0.0325447,0.144802,0.0332627,0.00838746,0.0227651,0.169326,0.0396849,0.0337178,0.0438256,0.0372375,0.0382973,0.00213739,0.0068468},
{0.044181,0.0120308,0.0168937,0.00870621,0.013564,0.317264,0.00731223,0.0234353,0.00641257,0.212986,0.0906559,0.0192972,0.00981107,0.00686188,0.00691819,0.14737,0.0197627,0.0202185,0.00343244,0.012886},
{0.0520391,0.0151349,0.017803,0.0171742,0.0423821,0.0223936,0.00959476,0.0178426,0.0134905,0.0739602,0.0107806,0.0141118,0.312148,0.0191122,0.0112515,0.244534,0.0262192,0.0195031,0.0401793,0.0203455},
{0.293168,0.032102,0.007843,0.00668659,0.0632742,0.0329806,0.00668601,0.0249365,0.00705679,0.0467033,0.0171589,0.0115563,0.0120711,0.00627001,0.00995321,0.0272663,0.0447172,0.271693,0.0222654,0.0556116},
{0.234394,0.0179478,0.00558287,0.0051766,0.0359043,0.0196722,0.00817143,0.0828278,0.00481577,0.0658268,0.0162905,0.00680613,0.00503519,0.00526593,0.00758134,0.179148,0.0228998,0.0523337,0.135443,0.0888771},
{0.0397477,0.0477247,0.0158057,0.0130391,0.0204568,0.0344081,0.015342,0.20744,0.00959503,0.0496832,0.118768,0.147035,0.00685117,0.00916103,0.0129862,0.183131,0.0194348,0.0295692,0.00661479,0.0132074},
{0.0748523,0.152455,0.0192494,0.0243648,0.0371102,0.0404827,0.0244154,0.0554831,0.0500132,0.0864577,0.0250411,0.0275388,0.016951,0.0344166,0.065798,0.071982,0.0489229,0.0876551,0.0145853,0.0422258},
{0.158454,0.0072417,0.0453608,0.110948,0.0265664,0.034459,0.0191017,0.0578125,0.0607329,0.108114,0.0214921,0.0334571,0.014276,0.0496469,0.0740877,0.0492194,0.0430165,0.0553243,0.00767637,0.0230133},
{0.0737036,0.0107048,0.0659099,0.0762202,0.0521466,0.0448097,0.0246506,0.0642724,0.06737,0.0703113,0.0203034,0.0427631,0.0206415,0.0496211,0.0605369,0.0619802,0.058,0.0803238,0.0122183,0.0435125},
{0.241863,0.0127861,0.00360938,0.00400188,0.0748791,0.287388,0.0028158,0.0850417,0.00348113,0.143747,0.0220454,0.00514186,0.00501863,0.00340018,0.00471135,0.0262598,0.0133959,0.0405148,0.00634811,0.0135504},
{0.220857,0.0129839,0.00960571,0.00955418,0.0199261,0.0222778,0.0708578,0.0392851,0.00850013,0.0448767,0.015441,0.011911,0.00772309,0.00956383,0.0114086,0.046769,0.156843,0.104764,0.0308554,0.145997},
{0.0828264,0.00762221,0.0616316,0.0751943,0.0272302,0.0394287,0.0213199,0.058172,0.0632183,0.0826887,0.020402,0.0360933,0.125322,0.0401334,0.0523371,0.0581395,0.0502251,0.069454,0.00657638,0.0219852},
{0.0338415,0.00843298,0.11607,0.0341489,0.0275395,0.0377956,0.029164,0.101423,0.0539468,0.137184,0.0231136,0.0883512,0.0183339,0.0263377,0.057497,0.0338668,0.0257155,0.0464949,0.00881888,0.0919242},
{0.0881114,0.0148359,0.0423463,0.0893261,0.0508062,0.0310756,0.114672,0.0531527,0.0440489,0.0743347,0.0201118,0.0301687,0.0150632,0.0315608,0.0440939,0.0504047,0.0541349,0.0914067,0.0147013,0.0456445},
{0.0793836,0.0103156,0.0283198,0.127475,0.0217271,0.0231537,0.0180005,0.0353472,0.0977219,0.0519685,0.0163031,0.0283306,0.0146253,0.0567351,0.0490677,0.0450954,0.0824298,0.19241,0.00365219,0.0179378},
{0.0983632,0.00972532,0.0661056,0.0696027,0.0287386,0.0407277,0.0222378,0.0504361,0.0654214,0.148146,0.0247455,0.0397314,0.0161021,0.054453,0.0616033,0.0557842,0.0510953,0.0621564,0.00836122,0.0264633},
{0.0650834,0.0491674,0.00554172,0.00637347,0.0132829,0.0944882,0.00263293,0.022646,0.00444272,0.0474758,0.0138411,0.00619315,0.0219593,0.00492929,0.00532864,0.02274,0.291088,0.302704,0.0162661,0.00381508},
{0.0430884,0.0162915,0.00877041,0.0061247,0.195831,0.0761695,0.00534918,0.019206,0.00616154,0.267433,0.0131868,0.0142298,0.0125027,0.00590078,0.00659836,0.133253,0.12726,0.0241248,0.0115176,0.00700061},
{0.100274,0.014977,0.0191308,0.0306974,0.0334728,0.03317,0.0360789,0.0582656,0.0497924,0.117755,0.0233451,0.139412,0.0120383,0.0390865,0.0689748,0.0478077,0.0401825,0.0699265,0.0101318,0.0554806},
{0.196838,0.00571003,0.0905234,0.0807009,0.0364832,0.0545659,0.0224733,0.030659,0.0559828,0.0502832,0.012933,0.0385726,0.0151897,0.0540763,0.0951888,0.0522069,0.0388601,0.0275319,0.0151217,0.0260994},
{0.129318,0.039126,0.0105281,0.010207,0.0764096,0.193713,0.0101923,0.0459801,0.0100169,0.108475,0.0297687,0.0164815,0.0139083,0.0122044,0.0137898,0.0523074,0.0817051,0.0896605,0.029432,0.026776},
{0.0458144,0.030447,0.0172454,0.0143617,0.0200373,0.0502985,0.00825587,0.0511221,0.0122962,0.146794,0.018767,0.212507,0.0188296,0.016424,0.0120186,0.0404026,0.184248,0.0822077,0.005418,0.012506},
{0.111781,0.0147157,0.0186234,0.0249818,0.0536604,0.0830702,0.0220727,0.0335792,0.0473539,0.0441903,0.1735,0.043165,0.0090145,0.0585345,0.0455082,0.0651241,0.0510379,0.0444671,0.012215,0.0434049},
{0.0246972,0.0117623,0.125367,0.114548,0.141264,0.137627,0.0097206,0.025896,0.0168464,0.182643,0.0553451,0.0272754,0.00739417,0.0183675,0.0128063,0.0240353,0.0162292,0.0249602,0.0152561,0.00795963},
{0.0309644,0.00999775,0.11331,0.0296506,0.0768836,0.0420076,0.0191258,0.0897777,0.0570099,0.0348745,0.010633,0.0687768,0.0120384,0.0230934,0.0613009,0.144067,0.026133,0.101602,0.0133134,0.0354401},
{0.072266,0.0102184,0.0517687,0.0950703,0.0411478,0.0443873,0.0242213,0.0617904,0.0658437,0.100632,0.0223594,0.0412869,0.0178779,0.046187,0.0591997,0.0645828,0.054991,0.0693761,0.0120541,0.0447394},
{0.0618413,0.00482007,0.0888378,0.0565399,0.0811942,0.118131,0.0128993,0.00834433,0.0562705,0.0142581,0.00595626,0.0382863,0.164089,0.0318144,0.0491224,0.0711567,0.042634,0.0139728,0.00557625,0.074255},
{0.122386,0.00568562,0.05925,0.0823269,0.0788444,0.13873,0.016442,0.0146469,0.0825927,0.0235032,0.00914579,0.0379757,0.0185574,0.0445817,0.055911,0.0718355,0.0360835,0.0188254,0.0127009,0.0699756},
{0.0890683,0.00538748,0.030639,0.195955,0.00979638,0.0177161,0.0122413,0.0439189,0.0433,0.0519788,0.0129031,0.018498,0.190437,0.0328772,0.0263208,0.0370614,0.042854,0.127892,0.00368064,0.0074749},
{0.024846,0.00458951,0.074297,0.0534399,0.00673798,0.231783,0.0267467,0.108869,0.0695202,0.0243092,0.00604431,0.0862321,0.0108379,0.0495179,0.0510762,0.0318472,0.0165701,0.111329,0.00304907,0.00835706},
{0.0244174,0.00489396,0.160963,0.0320525,0.0880157,0.0338822,0.0119483,0.00997069,0.0228931,0.0350139,0.00600504,0.0614953,0.0345717,0.0169126,0.0244614,0.10861,0.137054,0.0115409,0.135058,0.0402402},
{0.154992,0.00496452,0.0861302,0.111382,0.0692263,0.0399967,0.0126776,0.0221806,0.0389107,0.0312673,0.0100711,0.0250059,0.13838,0.0298271,0.0337106,0.0523295,0.0369363,0.028865,0.0107126,0.062435},
{0.0267537,0.00795484,0.197046,0.0111022,0.0196288,0.0146232,0.00741475,0.0459751,0.00626475,0.267154,0.016104,0.141628,0.0070205,0.00677252,0.00746031,0.0198844,0.0118344,0.172462,0.00651314,0.00640384},
{0.0395933,0.0219256,0.0130348,0.0309249,0.0857011,0.019066,0.135678,0.0213391,0.0153218,0.16065,0.0581322,0.211846,0.0300097,0.0230703,0.0218389,0.0291774,0.0174123,0.0221277,0.0174241,0.0257275},
{0.203487,0.00447037,0.0673934,0.101618,0.0540278,0.0347095,0.0174024,0.0284674,0.130739,0.042319,0.0114508,0.0425069,0.0131285,0.0526563,0.0399156,0.052014,0.0402123,0.0265381,0.00717916,0.029765},
{0.0460203,0.00739177,0.118815,0.0985432,0.0357327,0.0139629,0.0129906,0.0458196,0.0226783,0.0513222,0.147578,0.0188573,0.00786768,0.0736513,0.0181371,0.0265932,0.0331006,0.199814,0.00694103,0.0141836},
{0.125387,0.0182923,0.0202843,0.0297506,0.0330153,0.0272809,0.0375953,0.0489719,0.113517,0.117523,0.0252946,0.0232859,0.0130399,0.034582,0.0543283,0.0493626,0.0429494,0.0995598,0.0156714,0.0703077},
{0.0940518,0.0138662,0.0195902,0.0204566,0.0515227,0.0850886,0.0304329,0.0640517,0.0204133,0.0781691,0.0235832,0.031355,0.177292,0.0228116,0.0254432,0.0576935,0.0387261,0.0710895,0.0241932,0.0501698},
{0.0490678,0.00927317,0.0425124,0.100235,0.0383256,0.0250193,0.0260489,0.0633305,0.0656124,0.0827497,0.0203373,0.0330786,0.0143256,0.0476995,0.0725601,0.0427884,0.129719,0.0849623,0.0140863,0.0382677},
{0.0542128,0.00492328,0.0762294,0.102414,0.00642646,0.0410506,0.0175865,0.0137387,0.127494,0.018898,0.00715238,0.0363635,0.284654,0.0372132,0.0409982,0.0527735,0.048276,0.0188452,0.00402652,0.00672442},
{0.0398374,0.00501685,0.106609,0.0474481,0.0825963,0.219594,0.0130281,0.00676345,0.0325544,0.0144276,0.00572445,0.0377354,0.0121123,0.0288948,0.0435175,0.0808034,0.116884,0.012436,0.0113275,0.0826899},
{0.0539247,0.021219,0.0126118,0.0222247,0.034225,0.029726,0.0477668,0.0487313,0.0305514,0.147095,0.0192766,0.0243552,0.0227287,0.0316878,0.19374,0.0397249,0.0585798,0.0854704,0.018391,0.0579699},
{0.0656153,0.0125688,0.0189567,0.0368963,0.0264629,0.0481871,0.0167442,0.0369709,0.0254016,0.187732,0.0325312,0.038552,0.0155398,0.199939,0.0263241,0.0561504,0.0511057,0.0570488,0.00797307,0.0393001},
{0.012904,0.00170638,0.00735851,0.00403501,0.141313,0.0170429,0.0025491,0.0030635,0.0031484,0.013535,0.0021231,0.00888809,0.00782511,0.00311805,0.00646208,0.191536,0.193927,0.00394014,0.364466,0.0110595},
{0.0673302,0.00934423,0.05595,0.0644438,0.0295913,0.120099,0.0243047,0.0669625,0.0575751,0.10183,0.0258663,0.0471303,0.0183924,0.047575,0.0594031,0.0657573,0.0463845,0.0606094,0.00818042,0.0232702},
{0.265422,0.100319,0.0063246,0.00488977,0.0241983,0.0307479,0.00614797,0.0422519,0.00561867,0.226101,0.0212994,0.0111957,0.00528802,0.00625234,0.00983732,0.035293,0.0682114,0.0947064,0.0175499,0.0183447}};

