const double CG30RR[90] = {2.02429,0.502699,1.18179,0.161901,1.87411,0.380328,0.139251,0.602231,0.329061,0.967546,0.339764,1.31259,1.04245,0.475411,4.79629,2.29305,2.29871,0.108337,0.153529,0.0895159,0.00474004,0.881958,0.585766,0.692944,0.314734,0.0181294,0.535886,0.811123,0.654756,0.110695,0.118298,0.801935,3.08135,1.22153,1.68674,0.448043,1.02688,4.9532,0.0178085,0.892249,0.896237,0.0116359,0.257757,0.0145007,0.0289616,4.65077,0.404454,0.49421,0.115588,1.23961,0.443964,0.0440033,0.0274052,0.130264,0.0167688,0.429775,0.396366,0.0445985,1.58523,0.0719802,0.178511,0.539138,0.468375,3.72752,0.317567,0.633631,0.618076,0.278951,0.0628244,0.0950746,0.0482704,0.803231,1.05297,0.0259739,2.35791,1.72167,0.0943343,0.0822182,0.0390299,0.0547259,0.277504,0.127103,0.59283,1.82881,7.94771,0.322459,0.00710413,0.326257,0.0354083,0.112543,1.3809,0.223634,0.309189,0.455351,1.7612,0.155441,0.0715037,0.169221,0.038345,0.112653,0.694631,0.416868,0.410448,4.32784,0.570193,4.53105,2.37513,0.991476,0.567517,0.126756,0.512118,4.64617,0.17331,4.06603,4.59082,0.18363,0.0814084,0.0809652,0.136452,0.0704865,1.12741,10.905,0.08509,0.22466,0.160745,0.773769,2.1749,0.42319,3.15421,6.00555,0.804877,1.23078,0.202154,0.0440114,0.108119,6.25843,0.0725231,0.304336,0.673489,0.346679,0.174624,0.297744,1.7546,0.51416,0.303853,0.392311,0.114355,1.68575,0.520828,0.32851,2.02536,2.06449,0.592622,0.447778,0.184504,1.64366,0.722644,4.36545,2.1658,0.0870911,0.0381145,0.56796,0.769104,0.403714,1.45794,0.64509,0.309873,0.0737725,0.0770744,2.65358,1.24231,1.0847,0.234686,0.199245,0.210494,0.925026,0.619234,0.182556,0.484173,0.242842,6.57444,0.10918,0.168973,0.336657,2.07975,0.0793159,0.187483,0.133619,0.214308,2.15871};

const double CG30StatWeight[30] = {0.0153426,0.202839,0.017766,0.0103904,0.0404552,0.0121959,0.0226171,0.0160274,0.0152089,0.00775648,0.0184207,0.0138605,0.0145574,0.0126643,0.232317,0.00403728,0.00856772,0.0130411,0.0104783,0.011828,0.0295193,0.0137968,0.0106506,0.0143698,0.0162982,0.0256894,0.0314999,0.0180015,0.0898437,0.0499597};

const double CG30StatFix[30][20] = 
{{0.0238436,0.00939411,0.196689,0.0143555,0.0186079,0.0289224,0.0106599,0.0569409,0.0102681,0.242949,0.0147166,0.131628,0.0127284,0.00893618,0.013194,0.0291075,0.013605,0.143212,0.00995295,0.0102882},
{0.0701207,0.0107927,0.0519031,0.094246,0.0461966,0.0410956,0.0264791,0.0648495,0.0650885,0.0792002,0.0214832,0.0396416,0.01815,0.0455434,0.0617445,0.0621501,0.0596016,0.0777077,0.0172749,0.0467311},
{0.148992,0.00561603,0.0618495,0.0872568,0.0194244,0.0368592,0.0170019,0.0671006,0.158025,0.0657809,0.0166397,0.0426687,0.0160003,0.0474486,0.0345084,0.054,0.0452827,0.0560791,0.00475151,0.0147156},
{0.0281006,0.00482267,0.149194,0.0341192,0.0863042,0.0577299,0.0136027,0.00894166,0.0258334,0.0276022,0.00630277,0.0552436,0.0310347,0.0187527,0.0276906,0.108898,0.124886,0.0114992,0.143021,0.0364205},
{0.0246404,0.0045903,0.0775182,0.0444655,0.00848799,0.234244,0.0298431,0.107436,0.0784911,0.0289648,0.00682426,0.0810706,0.0104729,0.0405597,0.0529869,0.0305062,0.0165244,0.10971,0.00381884,0.00884415},
{0.169261,0.0297287,0.00717978,0.00668,0.0320076,0.0388276,0.0108716,0.0340005,0.00631861,0.0655918,0.0197232,0.0109414,0.0101538,0.00748268,0.00798345,0.0446547,0.185942,0.120053,0.104101,0.0884967},
{0.132703,0.0149806,0.00872565,0.0104803,0.0585485,0.0588917,0.0104455,0.0614118,0.00952578,0.071236,0.0175125,0.0155969,0.269885,0.0105634,0.0119618,0.0422008,0.0389236,0.0814026,0.022183,0.0528223},
{0.0677832,0.0218362,0.0173241,0.027628,0.0389886,0.0362829,0.0459095,0.0624803,0.0393804,0.119478,0.027113,0.168218,0.0154806,0.0332576,0.0513253,0.050074,0.0462045,0.0688135,0.0130783,0.0493446},
{0.058675,0.0179327,0.0171988,0.0271706,0.0366981,0.0405139,0.0490998,0.0521738,0.0370582,0.125678,0.0198237,0.0268838,0.0218583,0.034542,0.157975,0.0453035,0.0673757,0.0905065,0.0248353,0.0486975},
{0.292653,0.0834196,0.0060149,0.00480738,0.026905,0.0557761,0.00502979,0.0483719,0.00576582,0.217651,0.0215878,0.0113076,0.00516664,0.00600029,0.00936005,0.0301394,0.0472809,0.0935586,0.00995492,0.0192491},
{0.0408596,0.00851546,0.0504025,0.0806719,0.0335383,0.0235132,0.0241235,0.0764785,0.0825354,0.0748974,0.0197942,0.0365758,0.0161907,0.0438009,0.0550077,0.0368806,0.181709,0.0706058,0.01331,0.0305892},
{0.0732812,0.0107759,0.0279298,0.131199,0.0228006,0.0235618,0.0194997,0.0375839,0.0836882,0.0613804,0.0189887,0.0268952,0.0188976,0.0556169,0.0522237,0.0423965,0.0876545,0.181712,0.00436143,0.0195533},
{0.0762959,0.145161,0.0183265,0.0222801,0.0385468,0.0432718,0.0241947,0.0527691,0.0486352,0.0888738,0.0263979,0.0275817,0.0173522,0.0324683,0.0595505,0.0729397,0.0534613,0.0899506,0.0209866,0.0409564},
{0.0511759,0.0168505,0.0142517,0.0232758,0.0396879,0.0295667,0.0250702,0.033687,0.118201,0.255487,0.0266875,0.0203688,0.0143691,0.0333384,0.0890804,0.0300975,0.0295948,0.0427006,0.0164999,0.090009},
{0.0755412,0.0100671,0.0673535,0.0670227,0.0346282,0.0543306,0.0239222,0.0608131,0.0653211,0.119673,0.0245306,0.0451793,0.0183254,0.0511685,0.0572793,0.0619029,0.0512327,0.0655453,0.0123266,0.0338362},
{0.0332289,0.0130111,0.130341,0.0296747,0.0158405,0.0376155,0.15029,0.166796,0.013583,0.0453253,0.126259,0.025958,0.0129995,0.0848526,0.0135556,0.0257042,0.0239954,0.0346628,0.00511641,0.0111902},
{0.278608,0.0316317,0.00775373,0.00704498,0.0627178,0.0362344,0.00747483,0.0249922,0.00794611,0.0459245,0.0188519,0.0111616,0.0123412,0.00674481,0.0105436,0.0277417,0.043644,0.281322,0.0197574,0.0575626},
{0.148562,0.0047189,0.0640532,0.125225,0.0209986,0.0385655,0.0152805,0.0357331,0.0684518,0.0450287,0.0116211,0.0281767,0.161422,0.0363573,0.0405683,0.0501007,0.0397104,0.042692,0.00572277,0.0170116},
{0.0227041,0.00789188,0.00830538,0.0053434,0.198157,0.0544427,0.00453139,0.0172929,0.00566532,0.268077,0.0150259,0.012899,0.01225,0.00488885,0.00660328,0.163018,0.155444,0.016488,0.0138775,0.00709428},
{0.0469248,0.0144938,0.0346646,0.0152263,0.0328242,0.212405,0.0143961,0.0230347,0.0109979,0.197639,0.0875311,0.0397069,0.019283,0.0129148,0.013184,0.15578,0.0219971,0.0205289,0.00983633,0.0166321},
{0.133406,0.0254556,0.0090988,0.00840602,0.11611,0.230179,0.00829594,0.0567851,0.00821503,0.122774,0.0344875,0.0145304,0.0128844,0.0100794,0.0119112,0.0542445,0.0460827,0.0703982,0.014022,0.012634},
{0.217362,0.0188233,0.00623719,0.00510468,0.160862,0.0349352,0.00543453,0.122538,0.00456405,0.08238,0.019967,0.00779851,0.006855,0.00494594,0.00659142,0.17775,0.0210708,0.038302,0.0464078,0.0120705},
{0.313745,0.00608969,0.00413218,0.00461299,0.0928298,0.37839,0.00296195,0.00586899,0.00390147,0.00969964,0.00304969,0.00451278,0.00592923,0.00283758,0.0049236,0.0262657,0.0105522,0.0102247,0.0086472,0.100825},
{0.0614721,0.00521216,0.0921074,0.0779496,0.0105491,0.0758189,0.0180772,0.013645,0.0992198,0.0206772,0.00738481,0.0381335,0.252351,0.0366857,0.0444312,0.0639273,0.0459807,0.0188897,0.00713836,0.010349},
{0.136884,0.0174437,0.0437955,0.0367344,0.0365502,0.0494152,0.103991,0.0675198,0.025972,0.0773116,0.0208846,0.0285242,0.0138143,0.0233754,0.0264957,0.0638426,0.0399232,0.0801864,0.0264636,0.0808732},
{0.193976,0.00551518,0.0809404,0.0894555,0.05611,0.0540582,0.0218126,0.0275429,0.0636513,0.0439413,0.0126334,0.0389409,0.0162152,0.0512322,0.075838,0.0531698,0.0384462,0.0259653,0.0141827,0.0363729},
{0.0739945,0.00635535,0.0607442,0.071211,0.0797361,0.18157,0.0194834,0.0140884,0.0656168,0.0249284,0.0107016,0.0422177,0.030321,0.0435832,0.058728,0.0728786,0.0483461,0.0194137,0.00962885,0.0664529},
{0.0231371,0.00540847,0.141637,0.12843,0.0216004,0.149261,0.00760253,0.142178,0.0133023,0.201419,0.0156495,0.0208914,0.0162048,0.0133935,0.0107266,0.0216332,0.0133006,0.0377939,0.00385299,0.0125778},
{0.0766444,0.00814295,0.0580542,0.0687741,0.0295623,0.0406286,0.0218404,0.058251,0.0563593,0.08622,0.0211464,0.0357257,0.133282,0.0382338,0.0505312,0.0586862,0.051006,0.0732785,0.00788015,0.0257529},
{0.144948,0.0081771,0.0450677,0.0971048,0.0247819,0.0368458,0.0193982,0.0510416,0.0592379,0.133703,0.0241775,0.0331331,0.0138009,0.0525104,0.0727899,0.0500609,0.0449086,0.0579063,0.00766175,0.0227447}};

