components	30


exchangeabilities
AC	AD	AE	AF	AG	AH	AI	AK	AL	AM	AN	AP	AQ	AR	AS	AT	AV	AW	AY	CD	CE	CF	CG	CH	CI	CK	CL	CM	CN	CP	CQ	CR	CS	CT	CV	CW	CY	DE	DF	DG	DH	DI	DK	DL	DM	DN	DP	DQ	DR	DS	DT	DV	DW	DY	EF	EG	EH	EI	EK	EL	EM	EN	EP	EQ	ER	ES	ET	EV	EW	EY	FG	FH	FI	FK	FL	FM	FN	FP	FQ	FR	FS	FT	FV	FW	FY	GH	GI	GK	GL	GM	GN	GP	GQ	GR	GS	GT	GV	GW	GY	HI	HK	HL	HM	HN	HP	HQ	HR	HS	HT	HV	HW	HY	IK	IL	IM	IN	IP	IQ	IR	IS	IT	IV	IW	IY	KL	KM	KN	KP	KQ	KR	KS	KT	KV	KW	KY	LM	LN	LP	LQ	LR	LS	LT	LV	LW	LY	MN	MP	MQ	MR	MS	MT	MV	MW	MY	NP	NQ	NR	NS	NT	NV	NW	NY	PQ	PR	PS	PT	PV	PW	PY	QR	QS	QT	QV	QW	QY	RS	RT	RV	RW	RY	ST	SV	SW	SY	TV	TW	TY	VW	VY	WY	
2.07495	0.501121	1.18039	0.171267	1.94587	0.38903	0.136461	0.599181	0.322137	0.94993	0.339175	1.31757	1.03604	0.467799	4.78048	2.27021	2.29798	0.100308	0.166497	0.0880426	0.00469743	0.910197	0.580857	0.694014	0.3195	0.0181246	0.55028	0.815899	0.644625	0.111142	0.117483	0.793625	3.0612	1.19485	1.71382	0.428821	1.04327	4.95903	0.0154341	0.888127	0.918756	0.0120096	0.25929	0.0155447	0.0283667	4.64374	0.397231	0.502489	0.115131	1.22819	0.439674	0.0452264	0.0275419	0.121335	0.0163311	0.438604	0.401165	0.047233	1.59202	0.0742022	0.180119	0.537123	0.458727	3.73165	0.312173	0.631018	0.608084	0.279761	0.0638212	0.0900714	0.0557674	0.794311	1.05596	0.0256649	2.33669	1.73224	0.0845971	0.0743661	0.0391682	0.0553622	0.286764	0.1313	0.587112	1.78217	8.28918	0.309146	0.00648999	0.327178	0.0317126	0.109964	1.37185	0.226235	0.311344	0.459446	1.78342	0.158189	0.0690225	0.167743	0.0417485	0.110549	0.692029	0.410232	0.409342	4.36303	0.57791	4.56349	2.36978	0.993973	0.56824	0.126062	0.517515	4.81283	0.177246	4.11573	4.6517	0.184135	0.0837737	0.0833707	0.138387	0.0721255	1.14936	11.0051	0.0829473	0.21702	0.161474	0.785554	2.17248	0.428578	3.17675	5.98546	0.804872	1.22609	0.198119	0.0444506	0.106042	6.35905	0.0755641	0.312728	0.671489	0.347771	0.177135	0.297939	1.75819	0.499127	0.289371	0.387677	0.116035	1.69888	0.527674	0.329305	2.04175	2.08489	0.576474	0.446266	0.185781	1.65068	0.72159	4.3634	2.1632	0.0901138	0.0385439	0.552448	0.772025	0.41036	1.46391	0.646255	0.313117	0.073602	0.0678481	2.66846	1.23905	1.07816	0.23468	0.199766	0.2073	0.923561	0.619389	0.179043	0.496762	0.242731	6.53606	0.110285	0.156703	0.332669	2.09867	0.0821709	0.185701	0.135922	0.215151	2.26714	

weights
0.0274051	0.0910803	0.361349	0.0232745	0.072844	0.0244037	0.0140839	0.0225748	0.0236684	0.0141043	0.0103899	0.0160513	0.0104762	0.01476	0.0180452	0.0151125	0.0158259	0.0106356	0.0166493	0.0103022	0.00755322	0.0353747	0.0253453	0.0104894	0.0195685	0.0045676	0.0158206	0.00508464	0.00410748	0.0590522	

profiles
A	C	D	E	F	G	H	I	K	L	M	N	P	Q	R	S	T	V	W	Y	
0.0771893	0.00650493	0.0598515	0.0745487	0.0773058	0.179832	0.0175286	0.0154095	0.0614385	0.0277382	0.011382	0.0412134	0.0269816	0.0441804	0.0609328	0.072829	0.0510619	0.0208637	0.00913379	0.0640744	
0.0850422	0.00755999	0.0568733	0.0774693	0.0278881	0.0384093	0.020763	0.0558488	0.0593922	0.0818007	0.0200684	0.0346743	0.135048	0.0389867	0.0501495	0.0571048	0.0505857	0.0717621	0.00720249	0.0233717	
0.0726786	0.0103853	0.0645574	0.0751825	0.0396318	0.0505247	0.0244261	0.0634689	0.0673978	0.0991033	0.023354	0.0441734	0.0194438	0.0475215	0.0573068	0.0642993	0.0536935	0.0678366	0.0147309	0.0402839	
0.0205301	0.00479178	0.148404	0.0498536	0.0131336	0.26421	0.00874076	0.0892184	0.01265	0.166144	0.0132152	0.0465357	0.0101109	0.0116912	0.00972481	0.02495	0.0112925	0.0851861	0.0030406	0.00657611	
0.13254	0.00893346	0.0501386	0.08537	0.0269583	0.0389041	0.0207347	0.0492101	0.0586493	0.141324	0.0244683	0.0349638	0.0140461	0.0519856	0.0711205	0.0522644	0.0462957	0.058842	0.00845413	0.0247971	
0.0945861	0.0206746	0.0259619	0.0332694	0.054914	0.0683641	0.0908277	0.0560048	0.0414619	0.0666068	0.0234858	0.0278873	0.0195202	0.0303675	0.06423	0.0643149	0.0529375	0.0905632	0.029389	0.0446333	
0.0650063	0.00533971	0.0904034	0.06964	0.0112261	0.0827495	0.0189858	0.0143224	0.102092	0.0223497	0.00774002	0.0395025	0.239158	0.0376024	0.045045	0.0655008	0.0455727	0.0197875	0.00716408	0.0108124	
0.198847	0.0054588	0.0809449	0.0902448	0.0513989	0.0527603	0.021772	0.0272782	0.060193	0.0430588	0.0125115	0.0382641	0.0180407	0.0506182	0.0811139	0.0522574	0.0382731	0.0259952	0.0152669	0.0357021	
0.131554	0.014907	0.00941983	0.0112564	0.057347	0.0614493	0.0103853	0.0604836	0.0102606	0.0687949	0.0179588	0.0168003	0.266517	0.0112915	0.0128261	0.0428651	0.0402638	0.0827638	0.0206558	0.0522007	
0.0260586	0.0138546	0.189525	0.0154592	0.164841	0.0210207	0.00973578	0.0659507	0.0116198	0.129523	0.0270904	0.13238	0.0124957	0.0100697	0.0169342	0.0323936	0.0176328	0.0827248	0.0127817	0.0079074	
0.0291026	0.00505985	0.15359	0.035769	0.0535225	0.062069	0.0131558	0.00895918	0.0272774	0.0223402	0.00518292	0.0524983	0.039498	0.0192809	0.0305962	0.110441	0.127758	0.0118984	0.124187	0.067814	
0.173374	0.0390028	0.00777053	0.0070152	0.0379838	0.0555979	0.00923235	0.0366007	0.00692761	0.116142	0.0215527	0.0119769	0.00930359	0.0082275	0.00976493	0.0437693	0.168299	0.105102	0.0814709	0.0508866	
0.291908	0.0342456	0.00888981	0.00703698	0.0574052	0.0362705	0.00848048	0.0269236	0.00748801	0.0600674	0.0194498	0.0121696	0.0108605	0.0065222	0.00989082	0.0273398	0.0451235	0.253102	0.0202704	0.056556	
0.218118	0.0203897	0.00641734	0.00529313	0.14164	0.0317559	0.0065604	0.0949816	0.0047484	0.06372	0.0192169	0.00798061	0.00679463	0.00533	0.00700056	0.173483	0.0237072	0.046029	0.101823	0.0150111	
0.17699	0.00511848	0.0560474	0.101514	0.0216872	0.0345408	0.0164766	0.0650347	0.136217	0.0616944	0.0153438	0.0397116	0.0189734	0.0484669	0.0377421	0.0521996	0.0436309	0.0487493	0.00447453	0.0153877	
0.09115	0.156131	0.0177383	0.0187766	0.0372177	0.0520232	0.0190862	0.0519825	0.0396275	0.108022	0.0264002	0.0267469	0.016932	0.0277376	0.0576114	0.0671068	0.0506196	0.0825534	0.0144985	0.0380383	
0.0404563	0.00832979	0.0522756	0.076665	0.0356535	0.0230905	0.0235756	0.0788131	0.0872494	0.0655992	0.0192198	0.0371021	0.0173257	0.0431014	0.0529218	0.036628	0.190119	0.0693641	0.0128427	0.0296674	
0.104029	0.00376645	0.0911642	0.149102	0.0879785	0.0363588	0.00807096	0.0116062	0.037033	0.015181	0.00587791	0.0197761	0.188512	0.0246605	0.0278814	0.0463456	0.0337234	0.0191299	0.00727279	0.08253	
0.0716383	0.0223532	0.0174582	0.0266288	0.0342343	0.033152	0.0439879	0.0570522	0.0382997	0.129974	0.0255311	0.161132	0.0159424	0.0317563	0.0553904	0.0513318	0.0480055	0.0706593	0.0130596	0.0524127	
0.0793341	0.0130569	0.0301126	0.106469	0.021494	0.0233055	0.0189372	0.0336394	0.104773	0.0519206	0.0176327	0.0284172	0.017042	0.0537794	0.0444313	0.0440244	0.0818124	0.209958	0.00352276	0.0163371	
0.0344726	0.00503234	0.0129958	0.010606	0.0166788	0.199271	0.0835806	0.16208	0.00781021	0.198919	0.0143422	0.0150478	0.0168921	0.00954466	0.011968	0.0236137	0.0152768	0.0260486	0.0122096	0.12361	
0.0257402	0.00521593	0.0657302	0.0463795	0.00891111	0.224408	0.0337831	0.107929	0.0737335	0.024998	0.00662472	0.085536	0.011747	0.0441534	0.0609018	0.0321532	0.0173239	0.110822	0.00451679	0.00939305	
0.231168	0.0187455	0.00439482	0.00457954	0.0722256	0.269921	0.00364653	0.0851801	0.00437454	0.140315	0.0240458	0.00677397	0.00594426	0.00426336	0.0064965	0.0320262	0.0200772	0.0434329	0.00799689	0.014393	
0.0227672	0.00865945	0.00861251	0.00551526	0.198435	0.0519613	0.0047478	0.0161878	0.00566421	0.268657	0.0149562	0.0135398	0.0122997	0.00487276	0.0067579	0.163966	0.155728	0.0156698	0.0141499	0.00685222	
0.0511652	0.0155788	0.0128037	0.0190656	0.0311078	0.0254721	0.0257068	0.0418383	0.0970556	0.250895	0.0191183	0.0189524	0.0168101	0.0284458	0.0970995	0.0277111	0.0326891	0.104101	0.0143789	0.0700047	
0.050836	0.0145697	0.154012	0.0360117	0.0152137	0.0279495	0.137298	0.160516	0.015499	0.0469131	0.116523	0.0376995	0.0123739	0.0391165	0.0133914	0.0424372	0.0239182	0.0354503	0.00553093	0.0147401	
0.0623863	0.0160961	0.0232621	0.0128397	0.0419126	0.226362	0.0136185	0.0244558	0.0111808	0.190022	0.0800306	0.0311531	0.0199641	0.0124651	0.0133505	0.135189	0.0273407	0.023847	0.0133373	0.0211874	
0.0629633	0.0135636	0.0196357	0.0349496	0.0283264	0.0599655	0.0294106	0.0361059	0.0273672	0.182554	0.0359304	0.0344666	0.0141762	0.193585	0.0281809	0.0520883	0.0495566	0.053466	0.0148868	0.0288211	
0.0320474	0.00272459	0.074381	0.0661505	0.0852003	0.173631	0.0153239	0.0058092	0.218912	0.0166989	0.00753752	0.0708547	0.0105739	0.0440823	0.0322282	0.0352931	0.0258908	0.00922066	0.00439031	0.0690506	
0.0648759	0.0112335	0.0381262	0.122137	0.0395478	0.0291748	0.0264773	0.0578775	0.0569955	0.078462	0.0199259	0.0326301	0.014515	0.0465525	0.0769436	0.0523578	0.0773484	0.093185	0.0150662	0.0465682	
lnL: -6.75459e+06
