components	40


exchangeabilities
AC	AD	AE	AF	AG	AH	AI	AK	AL	AM	AN	AP	AQ	AR	AS	AT	AV	AW	AY	CD	CE	CF	CG	CH	CI	CK	CL	CM	CN	CP	CQ	CR	CS	CT	CV	CW	CY	DE	DF	DG	DH	DI	DK	DL	DM	DN	DP	DQ	DR	DS	DT	DV	DW	DY	EF	EG	EH	EI	EK	EL	EM	EN	EP	EQ	ER	ES	ET	EV	EW	EY	FG	FH	FI	FK	FL	FM	FN	FP	FQ	FR	FS	FT	FV	FW	FY	GH	GI	GK	GL	GM	GN	GP	GQ	GR	GS	GT	GV	GW	GY	HI	HK	HL	HM	HN	HP	HQ	HR	HS	HT	HV	HW	HY	IK	IL	IM	IN	IP	IQ	IR	IS	IT	IV	IW	IY	KL	KM	KN	KP	KQ	KR	KS	KT	KV	KW	KY	LM	LN	LP	LQ	LR	LS	LT	LV	LW	LY	MN	MP	MQ	MR	MS	MT	MV	MW	MY	NP	NQ	NR	NS	NT	NV	NW	NY	PQ	PR	PS	PT	PV	PW	PY	QR	QS	QT	QV	QW	QY	RS	RT	RV	RW	RY	ST	SV	SW	SY	TV	TW	TY	VW	VY	WY	
2.12217	0.503926	1.18578	0.173662	1.99745	0.375597	0.130289	0.600891	0.315447	0.974427	0.341716	1.31546	1.04178	0.475832	4.82756	2.30019	2.31143	0.115171	0.164569	0.0876139	0.00467958	0.886295	0.598855	0.672875	0.31569	0.0179567	0.554142	0.8082	0.655129	0.110071	0.116566	0.792975	3.0848	1.19461	1.71149	0.44818	1.01622	4.93204	0.0149826	0.912075	0.891024	0.0131022	0.25893	0.0158096	0.0286303	4.64195	0.408423	0.503391	0.114408	1.23433	0.444318	0.0475804	0.0272533	0.115851	0.016362	0.449137	0.395337	0.0484068	1.59446	0.0721862	0.171026	0.53977	0.469415	3.73883	0.317616	0.635304	0.614524	0.286041	0.0618362	0.0913531	0.0568102	0.771869	1.0566	0.0252126	2.35477	1.70651	0.0830369	0.0756267	0.0384776	0.0555207	0.29728	0.132488	0.589639	1.74254	8.29733	0.329984	0.00590078	0.3356	0.0307506	0.107171	1.40822	0.232511	0.313423	0.468012	1.81969	0.157843	0.0657661	0.183241	0.0456408	0.12067	0.699506	0.407497	0.443735	4.33737	0.570003	4.49524	2.40139	1.00828	0.571722	0.125984	0.528472	4.77292	0.180204	4.18196	4.68253	0.192733	0.0825132	0.0845518	0.137344	0.0682317	1.14993	11.1301	0.0905509	0.225436	0.159829	0.793921	2.17981	0.436602	3.18377	6.04153	0.803298	1.2426	0.201151	0.0425982	0.105731	6.32891	0.076606	0.308744	0.669219	0.343771	0.189489	0.316026	1.77375	0.499831	0.294454	0.394178	0.117567	1.71343	0.530052	0.334902	2.08675	2.08704	0.602524	0.443115	0.186093	1.65849	0.721742	4.35485	2.17936	0.0926852	0.0376483	0.543974	0.775039	0.412021	1.46901	0.644584	0.309975	0.0739819	0.0683957	2.67813	1.24897	1.09527	0.238322	0.19603	0.206394	0.92969	0.62089	0.179787	0.492174	0.247292	6.59788	0.108612	0.150532	0.334381	2.10875	0.0670639	0.17925	0.140445	0.213476	2.26885	

weights
0.00810409	0.0133755	0.050712	0.0135746	0.0226221	0.0487758	0.016721	0.00286897	0.0130862	0.0102669	0.00652415	0.00721928	0.0640191	0.0139998	0.0108572	0.00539617	0.0148846	0.00516825	0.00685468	0.00494693	0.024571	0.0114408	0.00310448	0.00746654	0.0851399	0.34477	0.0100322	0.0084026	0.00790613	0.0323001	0.00842155	0.011786	0.0096757	0.0135412	0.0113355	0.00788202	0.0172462	0.00618516	0.0242006	0.0146149	

profiles
A	C	D	E	F	G	H	I	K	L	M	N	P	Q	R	S	T	V	W	Y	
0.0520413	0.019213	0.0140244	0.0218542	0.0342169	0.0414858	0.0525237	0.0530213	0.0300167	0.124981	0.0193445	0.0251652	0.0251958	0.0317007	0.200276	0.0424081	0.0511524	0.0821682	0.0272928	0.0519182	
0.0680126	0.00557639	0.0937984	0.0632506	0.0146351	0.106585	0.0194282	0.0146437	0.0912162	0.0227247	0.00796778	0.0393708	0.21802	0.0371457	0.0479645	0.0672561	0.0426671	0.0196734	0.00674999	0.0133139	
0.058243	0.0105248	0.038958	0.118371	0.0406724	0.0289017	0.0280178	0.058376	0.0616738	0.0731638	0.0191525	0.0334186	0.0146782	0.0471239	0.0707491	0.0499138	0.0964801	0.0937537	0.0140144	0.0438138	
0.0723789	0.0186378	0.0172516	0.0289023	0.0333063	0.0319859	0.0479012	0.0572833	0.0423952	0.134729	0.0231263	0.167299	0.0137589	0.034264	0.0554925	0.0440359	0.0479379	0.0691693	0.0108648	0.0492797	
0.140483	0.0314743	0.00969368	0.00916005	0.125807	0.191936	0.00966864	0.0512554	0.00915757	0.112099	0.0348002	0.0166883	0.0155382	0.0107055	0.0132298	0.0582549	0.0547051	0.0748739	0.0180491	0.0124203	
0.148668	0.00793134	0.0467575	0.0985171	0.0261082	0.0335013	0.0200238	0.0494704	0.0582048	0.133752	0.0238382	0.0341019	0.0137129	0.0512929	0.0739847	0.0500566	0.0435871	0.0561538	0.0076296	0.0227081	
0.166767	0.00522377	0.0612284	0.0922746	0.0207358	0.0345568	0.0172397	0.0680279	0.144261	0.0669428	0.0164691	0.0414591	0.0144323	0.0487753	0.0361914	0.0524818	0.0437221	0.0498679	0.00448499	0.0148591	
0.0470715	0.0165211	0.0189874	0.0241318	0.043848	0.0738661	0.071161	0.0262812	0.0178681	0.182692	0.0539728	0.0216823	0.0201313	0.239735	0.0191632	0.0306678	0.0288945	0.0336244	0.0105801	0.0191197	
0.220284	0.0183242	0.00660464	0.00510928	0.167718	0.0318231	0.00571518	0.12329	0.00452765	0.0910783	0.0186773	0.00752385	0.00690252	0.00482804	0.00668765	0.17773	0.0208588	0.0370894	0.0349876	0.0102415	
0.226067	0.0259802	0.0103911	0.00999094	0.0232214	0.0370227	0.0703817	0.0508036	0.0116342	0.147737	0.020527	0.0172374	0.00696564	0.0127519	0.0136119	0.0347791	0.0352966	0.112242	0.0182052	0.115154	
0.0343574	0.00907948	0.00855887	0.00889099	0.0176209	0.0332865	0.00830466	0.0398369	0.124321	0.305517	0.0139473	0.00977124	0.0152891	0.0140234	0.115465	0.015087	0.0169085	0.188117	0.0115021	0.0101155	
0.0264484	0.00486277	0.15666	0.0346032	0.0409039	0.038212	0.0128485	0.0102461	0.0256319	0.0270426	0.0049647	0.0571234	0.0392009	0.018226	0.0273179	0.115048	0.129555	0.0119237	0.137712	0.0814689	
0.0738331	0.00905205	0.0530077	0.0647854	0.0304129	0.122991	0.0228141	0.0643244	0.0560472	0.102611	0.0264318	0.0455084	0.0192593	0.0469301	0.060027	0.0663768	0.0458085	0.056486	0.00882487	0.024468	
0.0658338	0.0174934	0.0199088	0.0340323	0.034199	0.0259993	0.0296058	0.035354	0.100432	0.242248	0.0255387	0.0260436	0.0128369	0.0467962	0.0677223	0.0394334	0.0408271	0.0489791	0.0148132	0.0719028	
0.0165922	0.00705538	0.197096	0.012373	0.186794	0.0207849	0.0060436	0.0261296	0.00631277	0.257698	0.0212436	0.139407	0.009027	0.00612063	0.00724186	0.0203711	0.014333	0.0268329	0.0120295	0.0065135	
0.0332203	0.0128607	0.0218344	0.0249172	0.0391467	0.0175426	0.0205652	0.111366	0.0727401	0.0567816	0.0229279	0.0265284	0.0201994	0.0261454	0.0644574	0.025756	0.274535	0.0619797	0.011371	0.055125	
0.0873191	0.152638	0.0183687	0.0216866	0.0352961	0.0404637	0.0237228	0.0523163	0.0465181	0.103184	0.0251534	0.0267624	0.0155297	0.0307268	0.0605158	0.0671218	0.0505957	0.0830118	0.0174748	0.041594	
0.0579367	0.016158	0.0131742	0.00817218	0.0209621	0.228723	0.00670795	0.173132	0.00823042	0.0534562	0.108586	0.0185494	0.010213	0.00866164	0.008356	0.18024	0.0220819	0.0322394	0.00481861	0.0196016	
0.0573218	0.00316546	0.0782036	0.1505	0.0868572	0.0315086	0.0084578	0.00766338	0.0502086	0.0118368	0.00494787	0.0224994	0.251304	0.0275624	0.029062	0.0440198	0.0354864	0.0137829	0.00521462	0.0803964	
0.0369104	0.00396457	0.066419	0.101614	0.0741133	0.0309353	0.0178388	0.0149476	0.137483	0.0225574	0.0077247	0.0571479	0.0186556	0.0403034	0.0362035	0.0543619	0.138874	0.0206977	0.0651194	0.0541282	
0.18721	0.00544478	0.0835608	0.0860459	0.0631235	0.0580323	0.0208896	0.0243743	0.061062	0.0394324	0.0118693	0.0382003	0.0160411	0.0508638	0.0775492	0.0543519	0.0382026	0.0243818	0.0143598	0.045005	
0.176882	0.0407242	0.00761194	0.0066424	0.0368311	0.0355942	0.00857384	0.0339682	0.0065179	0.111044	0.019828	0.0105874	0.0092781	0.00760756	0.00931308	0.0419536	0.190199	0.106402	0.092098	0.0483441	
0.0342941	0.0343543	0.0221947	0.0145951	0.0520582	0.0323259	0.016394	0.0472928	0.0109018	0.051239	0.122872	0.147549	0.00832396	0.0140727	0.0151686	0.179251	0.023863	0.142836	0.0112448	0.01917	
0.0331793	0.00385996	0.0553737	0.0695779	0.0848483	0.230838	0.0195585	0.0066366	0.157459	0.0185177	0.00847826	0.0677394	0.0121745	0.0491965	0.0436706	0.0337946	0.0211961	0.0108752	0.00522876	0.0677966	
0.0822648	0.00763002	0.059615	0.0763254	0.0287686	0.0385771	0.021334	0.0574897	0.0617276	0.0812468	0.0200342	0.0355888	0.128121	0.0391938	0.0513802	0.0577481	0.0499316	0.0718456	0.00681306	0.0243641	
0.0759885	0.0105536	0.0627376	0.0781936	0.0401886	0.0442698	0.024735	0.0610305	0.0657117	0.102135	0.0226869	0.0425952	0.0189169	0.0485978	0.0584298	0.0619766	0.055191	0.0693325	0.0157993	0.0409302	
0.0599278	0.00752376	0.0523601	0.0721384	0.0499465	0.0537746	0.0219729	0.0746754	0.0840427	0.0486587	0.0150169	0.0375573	0.0155772	0.0362304	0.0509637	0.14337	0.0373884	0.0662811	0.00943224	0.0631621	
0.0413739	0.00570945	0.145295	0.0389812	0.0845615	0.243918	0.0105423	0.0063084	0.0243063	0.0139945	0.00565239	0.036724	0.0185392	0.0232147	0.0278591	0.0710839	0.100157	0.0120155	0.00722241	0.0825422	
0.22544	0.013757	0.00576032	0.00784642	0.064292	0.0465999	0.00466478	0.0670063	0.00633007	0.0356337	0.0118014	0.00773081	0.279709	0.00599314	0.00719816	0.0318779	0.0259238	0.0705094	0.0114836	0.0704429	
0.0229525	0.00464095	0.0843456	0.0452714	0.00705029	0.2453	0.032633	0.108374	0.061257	0.0251018	0.00599257	0.0842759	0.0109845	0.0396854	0.0525849	0.0306103	0.0156954	0.110813	0.00367872	0.00875273	
0.280586	0.0345691	0.00833595	0.0066832	0.0610699	0.0350307	0.00653088	0.0226692	0.00720209	0.040795	0.0168215	0.0116308	0.0123942	0.00632732	0.0100938	0.0286314	0.0499981	0.279137	0.0236133	0.0578807	
0.0877308	0.0153171	0.0780932	0.0481247	0.0652893	0.0411332	0.140441	0.0605391	0.0356989	0.0652407	0.0216385	0.0341753	0.0178322	0.030081	0.0327158	0.0537854	0.0403866	0.0753546	0.0209631	0.0354597	
0.0832862	0.0126801	0.0290739	0.107836	0.0231325	0.0226361	0.0195018	0.0330063	0.103664	0.0510426	0.0168192	0.0278368	0.0176713	0.0537752	0.0447064	0.0440934	0.0792841	0.207645	0.00395806	0.018351	
0.0382293	0.0143116	0.12609	0.0330414	0.0697488	0.0285659	0.0216971	0.0855716	0.0683079	0.0423922	0.0138145	0.0819752	0.0223792	0.0326013	0.0727054	0.052112	0.0315424	0.0997644	0.0133103	0.0518401	
0.0262281	0.0136862	0.140199	0.149588	0.0387319	0.0980033	0.0112242	0.0237615	0.0149693	0.216283	0.0855304	0.0190134	0.0156198	0.0146818	0.0136215	0.0248677	0.0171811	0.0229771	0.0133636	0.040469	
0.172235	0.00437536	0.0648551	0.117325	0.0203067	0.0337935	0.014481	0.0325745	0.0754791	0.0436332	0.0107095	0.0274357	0.158166	0.0372617	0.0387508	0.0478547	0.0384939	0.0413994	0.00501881	0.0158512	
0.229634	0.0102478	0.00347106	0.00380115	0.0187557	0.293449	0.00258105	0.139481	0.00293053	0.18508	0.0145325	0.00467376	0.00448198	0.00268628	0.00443753	0.029396	0.0105331	0.0273595	0.00301365	0.00945445	
0.0204045	0.00631159	0.00800439	0.00544478	0.141705	0.0403678	0.00532951	0.00558855	0.00478439	0.0286913	0.00474876	0.0115764	0.00960929	0.00441973	0.00901434	0.183109	0.182564	0.00751362	0.305985	0.0148284	
0.0725904	0.0144415	0.0149636	0.0168662	0.0465565	0.0500271	0.0196174	0.0560454	0.0156415	0.0977582	0.0198294	0.0280775	0.241042	0.0201243	0.0197088	0.0574855	0.0576544	0.084227	0.0239677	0.0433756	
0.0144177	0.00444978	0.0160635	0.00447944	0.0151234	0.528928	0.00178647	0.0878109	0.00202152	0.17028	0.0134353	0.00808987	0.00685251	0.00254821	0.00284449	0.0174064	0.00643841	0.0889414	0.00349958	0.00458304	
lnL: -6.75292e+06
