components	60


exchangeabilities
AC	AD	AE	AF	AG	AH	AI	AK	AL	AM	AN	AP	AQ	AR	AS	AT	AV	AW	AY	CD	CE	CF	CG	CH	CI	CK	CL	CM	CN	CP	CQ	CR	CS	CT	CV	CW	CY	DE	DF	DG	DH	DI	DK	DL	DM	DN	DP	DQ	DR	DS	DT	DV	DW	DY	EF	EG	EH	EI	EK	EL	EM	EN	EP	EQ	ER	ES	ET	EV	EW	EY	FG	FH	FI	FK	FL	FM	FN	FP	FQ	FR	FS	FT	FV	FW	FY	GH	GI	GK	GL	GM	GN	GP	GQ	GR	GS	GT	GV	GW	GY	HI	HK	HL	HM	HN	HP	HQ	HR	HS	HT	HV	HW	HY	IK	IL	IM	IN	IP	IQ	IR	IS	IT	IV	IW	IY	KL	KM	KN	KP	KQ	KR	KS	KT	KV	KW	KY	LM	LN	LP	LQ	LR	LS	LT	LV	LW	LY	MN	MP	MQ	MR	MS	MT	MV	MW	MY	NP	NQ	NR	NS	NT	NV	NW	NY	PQ	PR	PS	PT	PV	PW	PY	QR	QS	QT	QV	QW	QY	RS	RT	RV	RW	RY	ST	SV	SW	SY	TV	TW	TY	VW	VY	WY	
2.04481	0.504101	1.18975	0.176112	1.89296	0.387509	0.141902	0.599475	0.33204	0.981344	0.343347	1.31561	1.04189	0.473578	4.77378	2.31671	2.34273	0.105001	0.154331	0.0886409	0.00472096	0.924855	0.585174	0.710899	0.314124	0.0182794	0.541113	0.793333	0.661136	0.110114	0.118252	0.800603	3.08873	1.16968	1.70298	0.481701	1.06982	4.94112	0.0157171	0.904007	0.884739	0.012616	0.264003	0.0148263	0.0283028	4.69063	0.417067	0.505522	0.115861	1.24077	0.449704	0.0464251	0.0271096	0.124486	0.0167545	0.444238	0.393324	0.0473645	1.60149	0.0726208	0.169637	0.543264	0.472712	3.7286	0.318627	0.636569	0.625309	0.282511	0.0658401	0.0944197	0.0527256	0.76297	1.05413	0.0242811	2.38454	1.70408	0.0835004	0.0763451	0.0389762	0.0526584	0.311772	0.136834	0.596151	1.8744	8.20664	0.325585	0.00627352	0.338455	0.0319998	0.117648	1.4085	0.228753	0.314329	0.468288	1.79991	0.156086	0.0659974	0.183249	0.0386213	0.119627	0.684378	0.422984	0.438136	4.32197	0.575131	4.53273	2.38542	1.00105	0.577379	0.127742	0.534245	4.72796	0.174862	4.14088	4.66568	0.186338	0.0846833	0.0841052	0.136111	0.0696867	1.14358	11.103	0.0857614	0.219173	0.162142	0.775833	2.19012	0.436605	3.19079	6.0355	0.809169	1.25516	0.203174	0.0456426	0.110023	6.27834	0.0746444	0.305171	0.670753	0.35081	0.188591	0.314856	1.77158	0.536643	0.305566	0.381958	0.115188	1.68154	0.526229	0.342663	2.07482	2.07249	0.60981	0.442128	0.188441	1.66473	0.728712	4.37718	2.19659	0.0929473	0.0372403	0.56396	0.782308	0.409082	1.45214	0.639708	0.313718	0.0755926	0.0722082	2.6734	1.24618	1.09624	0.235922	0.206037	0.214056	0.930274	0.62801	0.183595	0.501473	0.251018	6.61054	0.110532	0.13459	0.329616	2.07549	0.0691614	0.190769	0.142194	0.217686	2.27735	

weights
0.00759357	0.00439436	0.00516378	0.00787813	0.00236618	0.00647937	0.00404417	0.00191335	0.00100262	0.0214905	0.0226734	0.00247601	0.00459525	0.0050074	0.00703561	0.217806	0.00699933	0.00928086	0.00168453	0.00572872	0.00465483	0.0036236	0.00950262	0.0121497	0.0105219	0.00737298	0.00099945	0.00503912	0.000907462	0.0191311	0.0086947	0.0126563	0.00304025	0.0111158	0.0210257	0.00853452	0.00724776	0.011509	0.00444878	0.0116509	0.0211891	0.0279455	0.0132027	0.00532795	0.0321355	0.0100028	0.00136609	0.157637	0.0581984	0.00243488	0.00656062	0.0177511	0.00396511	0.0150427	0.0728683	0.0133932	0.0076004	0.00402822	0.00402576	0.00588573	

profiles
A	C	D	E	F	G	H	I	K	L	M	N	P	Q	R	S	T	V	W	Y	
0.325566	0.00363	0.00358674	0.00454297	0.0920581	0.393256	0.00268621	0.00373994	0.00357024	0.0069561	0.00213543	0.00375045	0.0038384	0.00249876	0.00431214	0.0240875	0.00885714	0.00720717	0.00673121	0.0969893	
0.032376	0.00966228	0.00452466	0.00369336	0.0160109	0.266907	0.00818871	0.0388792	0.00284483	0.322227	0.0145044	0.00472675	0.0125477	0.00589165	0.00426751	0.015322	0.0115816	0.207243	0.00974474	0.0088569	
0.118582	0.0216752	0.010709	0.0154188	0.0575695	0.019199	0.00807219	0.038228	0.00987313	0.0502455	0.0159812	0.015741	0.260332	0.0111095	0.0109877	0.038607	0.0513453	0.173221	0.0238806	0.0492215	
0.076526	0.0128342	0.0584328	0.0568897	0.0817182	0.053211	0.140646	0.0562572	0.029317	0.0586234	0.0206867	0.0319185	0.0211389	0.0304042	0.0293526	0.0533659	0.0504313	0.0840267	0.0184441	0.0357754	
0.108104	0.00370154	0.0451349	0.123271	0.00786343	0.0237959	0.0117568	0.0260477	0.180885	0.0247978	0.00717387	0.0229796	0.210664	0.0353754	0.0301268	0.0455351	0.0457597	0.0397933	0.00170335	0.00553164	
0.0439404	0.00486676	0.148978	0.0452335	0.0665097	0.0520421	0.0143002	0.0107284	0.0402349	0.0163632	0.00540907	0.0359364	0.147816	0.0214034	0.0288085	0.108155	0.0732529	0.0149663	0.0549963	0.0660599	
0.0386927	0.0403241	0.0251104	0.0138261	0.0225542	0.0591611	0.0159832	0.191185	0.0116081	0.0497614	0.119163	0.120091	0.00613105	0.0101283	0.0160792	0.190496	0.019656	0.0308876	0.00588318	0.0132791	
0.0436917	0.0427907	0.00793572	0.00653612	0.0300825	0.0266844	0.00750302	0.19913	0.0161363	0.0381434	0.025299	0.0177989	0.018974	0.00909687	0.0148956	0.0211636	0.373852	0.051968	0.00777733	0.0405409	
0.0391156	0.00348166	0.0742642	0.0331064	0.012296	0.0590173	0.013555	0.0142674	0.299112	0.0873493	0.108254	0.0976859	0.0138123	0.0365605	0.0260938	0.0299576	0.020792	0.0148489	0.00555723	0.0108724	
0.046616	0.00777371	0.0552335	0.101201	0.0402292	0.0250484	0.0262947	0.0663995	0.0727535	0.0600773	0.0175597	0.0383454	0.0160393	0.0466453	0.0567824	0.0441068	0.138297	0.0809285	0.0223256	0.0373435	
0.177744	0.00599303	0.0449909	0.121809	0.027397	0.0328802	0.0185564	0.0666074	0.0717049	0.0868908	0.0187067	0.0351968	0.0142581	0.0489486	0.0614196	0.048769	0.0409275	0.0495724	0.00621887	0.0214082	
0.0432247	0.0169171	0.0135902	0.0369794	0.104358	0.0278212	0.136966	0.0199611	0.0193256	0.152613	0.066184	0.197951	0.0177825	0.0266629	0.0236712	0.0284247	0.0166532	0.0197299	0.0116849	0.0194996	
0.198572	0.0123752	0.0136922	0.0204412	0.0206322	0.0238796	0.0112355	0.0429644	0.0945633	0.19611	0.0197588	0.0156962	0.0116008	0.0292584	0.0736466	0.0305256	0.033519	0.131524	0.00645985	0.0135452	
0.0188657	0.0130337	0.00641799	0.00679106	0.282435	0.0332707	0.00829189	0.123407	0.137326	0.0833512	0.0209562	0.00832465	0.00956709	0.0125032	0.135165	0.0160714	0.0121732	0.0566426	0.00928632	0.00611971	
0.176279	0.00469143	0.0806755	0.104994	0.030064	0.0412088	0.0154548	0.0323477	0.0519845	0.0454641	0.0116645	0.0278141	0.146366	0.0351328	0.0426706	0.0505976	0.0371748	0.0349326	0.00708537	0.0233971	
0.0710836	0.0110318	0.0593234	0.0793252	0.0448159	0.0502482	0.0262741	0.0635019	0.0615917	0.0819014	0.0223805	0.042175	0.0201226	0.0468637	0.0620552	0.0659542	0.0568516	0.074126	0.0163656	0.0440085	
0.0487456	0.0156237	0.0156325	0.0305111	0.0377481	0.023507	0.0257575	0.0283856	0.10025	0.294294	0.0238447	0.0224277	0.0131329	0.04502	0.0798606	0.0293913	0.0276869	0.0358321	0.0154959	0.0868529	
0.195394	0.00442489	0.073843	0.087927	0.0609292	0.0405877	0.0166732	0.0230276	0.144455	0.0340532	0.0104337	0.0423188	0.0145387	0.0528416	0.0362096	0.054803	0.040581	0.0241938	0.00681546	0.0359495	
0.0528672	0.0111701	0.0136268	0.014084	0.065126	0.0277888	0.0103333	0.0235144	0.0116886	0.133856	0.0279561	0.0135284	0.246842	0.0180614	0.00997787	0.207803	0.0268231	0.0219579	0.0481714	0.0148234	
0.0515321	0.0127395	0.01046	0.0133924	0.0179425	0.0226925	0.00931135	0.0555317	0.0141854	0.146627	0.016595	0.0292708	0.30978	0.016242	0.0169305	0.0448885	0.115212	0.0778766	0.00694159	0.0118493	
0.0403987	0.00959285	0.106592	0.0862095	0.0159475	0.0705066	0.0841094	0.0960414	0.0192265	0.0362847	0.0112277	0.0274801	0.0129963	0.018355	0.0169722	0.0361269	0.0248054	0.107245	0.0233752	0.156507	
0.0606386	0.00283105	0.0659605	0.175697	0.0840669	0.0313945	0.00937039	0.00794358	0.0390219	0.0114566	0.00454171	0.0221485	0.265966	0.0271147	0.0246825	0.0393601	0.0320214	0.0146189	0.00433759	0.0768276	
0.0161245	0.00658916	0.201576	0.0115346	0.191195	0.013273	0.00538944	0.0264603	0.00592714	0.263687	0.0206258	0.141321	0.00889885	0.00578285	0.0072305	0.01803	0.0128781	0.0265626	0.0106242	0.00629009	
0.0738011	0.144843	0.0198841	0.0243123	0.0368735	0.0424398	0.0241735	0.0542046	0.0500993	0.0839864	0.0254159	0.0275476	0.0169544	0.035193	0.0664358	0.0732308	0.050519	0.0903562	0.0175486	0.0421811	
0.12411	0.0101894	0.0101362	0.00716313	0.0361658	0.18962	0.0140146	0.121367	0.00661922	0.150838	0.0230533	0.0127487	0.00871903	0.006837	0.00977475	0.136421	0.0187052	0.029307	0.00838472	0.0758249	
0.29798	0.0339251	0.00874023	0.00678466	0.0597147	0.0335539	0.00878605	0.023487	0.0070979	0.0437022	0.0168254	0.012338	0.00754678	0.00641654	0.00980701	0.0274016	0.0455112	0.27515	0.0185431	0.0566883	
0.0341734	0.00572229	0.015361	0.0352218	0.0196546	0.0128887	0.048392	0.0890581	0.290522	0.0367331	0.0113741	0.0299243	0.0109729	0.0312245	0.0302675	0.0318723	0.183803	0.0576881	0.00885059	0.0162958	
0.0183955	0.005565	0.00672653	0.00450624	0.0219311	0.0336448	0.00513637	0.00267541	0.00407763	0.010994	0.00228721	0.00908094	0.00719895	0.00453056	0.008417	0.189614	0.183635	0.00495854	0.460985	0.0156402	
0.121919	0.0158912	0.326633	0.0240938	0.00952073	0.0150943	0.220967	0.00689455	0.0143249	0.039758	0.0144624	0.0291288	0.00933529	0.0397207	0.00887649	0.0576787	0.0179346	0.0114218	0.00283827	0.0135066	
0.0209608	0.00492518	0.152935	0.0380001	0.0153309	0.262852	0.00983185	0.0849897	0.013888	0.161351	0.0141149	0.0534829	0.00918377	0.0119908	0.0102175	0.0272549	0.010954	0.0887655	0.00246356	0.00650756	
0.0265016	0.0178719	0.140825	0.168284	0.02982	0.0558498	0.00970281	0.023597	0.0145277	0.232506	0.091053	0.0145213	0.0260031	0.0142184	0.015149	0.0238919	0.0172792	0.024639	0.0123235	0.0414352	
0.039792	0.0140076	0.121475	0.0319322	0.0343557	0.0272872	0.0245628	0.0762884	0.0504974	0.107601	0.0177162	0.0814515	0.0172182	0.0301092	0.0614315	0.052284	0.0303953	0.078916	0.0608871	0.0417924	
0.273435	0.00954029	0.0045944	0.00790433	0.0791404	0.025525	0.0043162	0.0137797	0.00541565	0.0165023	0.00492249	0.00544065	0.387553	0.00512628	0.00644076	0.0305472	0.0184182	0.0194955	0.00638113	0.0755219	
0.235866	0.0209671	0.00619157	0.0051249	0.092366	0.022159	0.00683936	0.0883524	0.00484829	0.0785915	0.0190339	0.00691897	0.00592043	0.0051829	0.00722065	0.181217	0.0224143	0.0453364	0.123675	0.0217739	
0.079152	0.0113334	0.0257788	0.0312221	0.0417426	0.0401735	0.0299922	0.0571973	0.0479752	0.0889667	0.0237988	0.0341849	0.159545	0.0331806	0.0636887	0.0559531	0.0428843	0.0706355	0.0152904	0.0473047	
0.0831694	0.0105112	0.0309104	0.115849	0.0243505	0.0229178	0.0195917	0.0339873	0.103711	0.050285	0.016247	0.0286642	0.0156866	0.0551214	0.0452229	0.0459209	0.0782531	0.196142	0.00349643	0.0199615	
0.226936	0.0166146	0.00695656	0.00692442	0.0302558	0.0285026	0.0108252	0.0385536	0.00632967	0.0515054	0.0179525	0.0099252	0.00773018	0.00687797	0.00762024	0.048882	0.165209	0.0992685	0.106558	0.106572	
0.118578	0.0142999	0.0125801	0.0129918	0.0647798	0.140268	0.0101398	0.0717924	0.0111823	0.0825088	0.0259641	0.0183752	0.191564	0.0123117	0.0129586	0.0486918	0.0322475	0.0609812	0.0139982	0.0437866	
0.0196986	0.00417457	0.136298	0.0266998	0.152623	0.0233794	0.00946334	0.00898214	0.0161253	0.0368285	0.00622013	0.079898	0.0105163	0.0125956	0.0161572	0.106504	0.147422	0.00923192	0.159126	0.0180557	
0.132381	0.0210779	0.0218841	0.0322529	0.0329294	0.0285613	0.0731459	0.0523779	0.0792235	0.103394	0.0248326	0.0249523	0.0107182	0.0301642	0.0522125	0.0546943	0.0434188	0.0854889	0.0203002	0.0759911	
0.0871245	0.00670628	0.0552631	0.0800861	0.0736178	0.166991	0.0201276	0.0182421	0.0659396	0.032982	0.0138061	0.0419188	0.0223956	0.0445651	0.0606275	0.0758457	0.0407552	0.0223343	0.0110198	0.0596522	
0.0679886	0.0116094	0.0304106	0.132438	0.0343431	0.0258414	0.0245964	0.0529065	0.055318	0.105467	0.0208467	0.0288646	0.0134446	0.0471145	0.0819043	0.0488315	0.0690301	0.0947518	0.0118712	0.0424222	
0.247565	0.0361756	0.00632815	0.00567529	0.0583531	0.207951	0.00623119	0.0651227	0.0064443	0.119244	0.0287418	0.00964616	0.00582598	0.00681772	0.00911513	0.0307801	0.0290004	0.0667367	0.0142526	0.0399939	
0.227018	0.138207	0.00654427	0.00461193	0.0250342	0.0284788	0.00581817	0.0366887	0.00531119	0.234529	0.022192	0.0137482	0.00590302	0.00570722	0.00966001	0.0391166	0.0830041	0.0843095	0.0122333	0.0118837	
0.0274807	0.00483196	0.0659029	0.0521812	0.0070563	0.226312	0.0331182	0.106069	0.0846074	0.0246869	0.00646174	0.0755227	0.0106573	0.047683	0.0572419	0.032999	0.017666	0.107917	0.00336612	0.00823939	
0.0665963	0.00587496	0.0860549	0.0663649	0.0111662	0.123195	0.0205302	0.013625	0.0870736	0.0210745	0.00738281	0.0418385	0.222554	0.0391161	0.0523272	0.0599319	0.0395317	0.0192176	0.0055697	0.0109749	
0.0347599	0.0091997	0.0191469	0.149017	0.0292783	0.0147952	0.0121202	0.0436256	0.0211638	0.0406833	0.187491	0.0105152	0.0056793	0.148527	0.0173818	0.0187633	0.0269957	0.184294	0.00531039	0.0212513	
0.097046	0.00970011	0.0632038	0.0747516	0.0323529	0.0490048	0.0225391	0.053671	0.0602586	0.131347	0.0252137	0.040061	0.0172174	0.0517342	0.0631129	0.0584011	0.0500797	0.0613519	0.00987934	0.0290742	
0.06405	0.00871241	0.0608436	0.0810351	0.0358528	0.0466777	0.0225543	0.0698754	0.102127	0.110248	0.0215761	0.0477928	0.0180449	0.0458133	0.0442633	0.0632476	0.0512456	0.0623183	0.00869027	0.0350312	
0.0649158	0.0496453	0.00858295	0.00731159	0.0125577	0.106901	0.00293021	0.0221629	0.00496651	0.0407113	0.0136826	0.0100692	0.0199139	0.00565196	0.00533865	0.0241244	0.280034	0.305758	0.0111637	0.00357891	
0.0389609	0.00520978	0.12007	0.0437159	0.0836161	0.197074	0.0149713	0.00764125	0.0344427	0.0173415	0.00611494	0.0388153	0.0136112	0.0295776	0.0467228	0.0851307	0.120223	0.0130713	0.00818572	0.0755036	
0.0961637	0.0281347	0.011822	0.0112508	0.123104	0.193855	0.010553	0.0471281	0.0106696	0.115702	0.0367331	0.0189355	0.0129985	0.0132002	0.0146321	0.0713019	0.0830609	0.0759517	0.0135311	0.0112725	
0.0651462	0.013559	0.0191827	0.0278809	0.0280437	0.0653953	0.038565	0.0387411	0.0213588	0.175439	0.0354601	0.0347976	0.0136719	0.20847	0.0238258	0.0530721	0.0450408	0.0566521	0.0140516	0.021646	
0.196921	0.00577635	0.087393	0.08187	0.0397064	0.0561725	0.0224486	0.0294257	0.0547611	0.0512313	0.0133729	0.0378475	0.0142718	0.0525841	0.0938446	0.0521761	0.0381281	0.0268779	0.0161898	0.0290016	
0.0830891	0.00738512	0.0620106	0.0830721	0.0256748	0.038831	0.0201808	0.0586039	0.0630161	0.0796532	0.0192893	0.0355219	0.127948	0.0399084	0.0482518	0.0579269	0.0509064	0.072319	0.0061574	0.0202539	
0.0818471	0.0186976	0.0184961	0.0292804	0.0323736	0.0342432	0.0328194	0.0558633	0.0445977	0.122036	0.0243817	0.151088	0.0130325	0.0360793	0.0628993	0.0480605	0.0525064	0.0735538	0.00943954	0.0587045	
0.0163805	0.00282024	0.00211432	0.00167203	0.0193452	0.497812	0.00130374	0.156384	0.00126093	0.212936	0.0135542	0.00340022	0.00548478	0.00134247	0.00377728	0.0186373	0.00553478	0.0302472	0.00120528	0.00478783	
0.0171964	0.00602491	0.0537917	0.0219826	0.073301	0.232298	0.0186421	0.0959665	0.0220231	0.0291744	0.00825185	0.16385	0.00964645	0.0143915	0.0159975	0.0285156	0.0153095	0.107274	0.00610656	0.0602552	
0.0370831	0.0202682	0.0108363	0.0153319	0.0303456	0.0412512	0.0681769	0.0588447	0.0243695	0.134195	0.0178112	0.0245377	0.0211781	0.0285592	0.253412	0.0321349	0.0336332	0.0762974	0.02086	0.0508734	
0.0399843	0.0165766	0.019367	0.026036	0.0306875	0.0204051	0.0247093	0.0506182	0.0607789	0.174177	0.0228202	0.0253259	0.0117752	0.0396508	0.0895696	0.0316974	0.181364	0.0779205	0.0131962	0.0433407	
lnL: -6.75012e+06
