components	40


exchangeabilities
AC	AD	AE	AF	AG	AH	AI	AK	AL	AM	AN	AP	AQ	AR	AS	AT	AV	AW	AY	CD	CE	CF	CG	CH	CI	CK	CL	CM	CN	CP	CQ	CR	CS	CT	CV	CW	CY	DE	DF	DG	DH	DI	DK	DL	DM	DN	DP	DQ	DR	DS	DT	DV	DW	DY	EF	EG	EH	EI	EK	EL	EM	EN	EP	EQ	ER	ES	ET	EV	EW	EY	FG	FH	FI	FK	FL	FM	FN	FP	FQ	FR	FS	FT	FV	FW	FY	GH	GI	GK	GL	GM	GN	GP	GQ	GR	GS	GT	GV	GW	GY	HI	HK	HL	HM	HN	HP	HQ	HR	HS	HT	HV	HW	HY	IK	IL	IM	IN	IP	IQ	IR	IS	IT	IV	IW	IY	KL	KM	KN	KP	KQ	KR	KS	KT	KV	KW	KY	LM	LN	LP	LQ	LR	LS	LT	LV	LW	LY	MN	MP	MQ	MR	MS	MT	MV	MW	MY	NP	NQ	NR	NS	NT	NV	NW	NY	PQ	PR	PS	PT	PV	PW	PY	QR	QS	QT	QV	QW	QY	RS	RT	RV	RW	RY	ST	SV	SW	SY	TV	TW	TY	VW	VY	WY	
2.07549	0.503664	1.18282	0.168639	1.96913	0.383764	0.134655	0.597612	0.318414	0.954904	0.340956	1.29331	1.03118	0.470762	4.80681	2.28589	2.29556	0.119785	0.17065	0.0859925	0.00470075	0.9302	0.583751	0.695899	0.309069	0.0181158	0.555509	0.795676	0.636948	0.108002	0.117223	0.796298	3.04238	1.1896	1.72139	0.473849	1.07961	4.98935	0.0158704	0.917682	0.885101	0.0125859	0.26051	0.0150313	0.0279576	4.69512	0.40867	0.501023	0.115349	1.24151	0.441727	0.0462461	0.0256567	0.118113	0.0165091	0.452223	0.396482	0.0468729	1.59162	0.0737234	0.1816	0.543432	0.469452	3.7458	0.317391	0.636067	0.616104	0.277683	0.0580196	0.0907479	0.048586	0.736952	1.03563	0.0250253	2.4587	1.74751	0.082944	0.083067	0.0382487	0.0552918	0.291675	0.132027	0.588566	1.80673	8.40669	0.337851	0.00654824	0.335722	0.0314682	0.114491	1.41393	0.227846	0.315994	0.469618	1.81677	0.159007	0.0698541	0.171182	0.0370207	0.121919	0.683049	0.410149	0.425485	4.33106	0.57037	4.57822	2.37633	0.999995	0.571768	0.129129	0.515395	4.69862	0.184471	4.14783	4.69435	0.1988	0.0799737	0.0862487	0.141101	0.0667629	1.13891	11.0851	0.076531	0.20978	0.157421	0.767512	2.18054	0.432752	3.15475	6.0429	0.806817	1.23404	0.202784	0.0444448	0.106795	6.46315	0.0704551	0.304036	0.664559	0.341255	0.178897	0.301817	1.76502	0.535237	0.313498	0.346045	0.114835	1.69038	0.518463	0.338038	2.05097	2.08461	0.619015	0.45429	0.185398	1.66059	0.729337	4.34523	2.16187	0.0980837	0.0399374	0.545924	0.776243	0.410256	1.46655	0.642471	0.30156	0.0770804	0.079014	2.64846	1.24562	1.07842	0.238897	0.198583	0.208588	0.926982	0.615208	0.182317	0.486285	0.247948	6.57246	0.10996	0.164065	0.344915	2.08774	0.0780416	0.191872	0.125596	0.204349	2.22753	

weights
0.0853329	0.0192236	0.0373317	0.0123882	0.00820672	0.0102753	0.00437705	0.0148694	0.00852622	0.010367	0.0102829	0.00851249	0.00631317	0.0120982	0.0146764	0.0103908	0.01121	0.00933463	0.00919557	0.0881442	0.0267117	0.00931337	0.0082888	0.0153784	0.040636	0.0139332	0.0103971	0.0023976	0.0260113	0.00672803	0.0441836	0.00493478	0.00342031	0.0115541	0.0131368	0.00882085	0.0143648	0.261108	0.0640847	0.0235405	

profiles
A	C	D	E	F	G	H	I	K	L	M	N	P	Q	R	S	T	V	W	Y	
0.0830463	0.00769072	0.0612647	0.0720847	0.0283561	0.0390306	0.0216072	0.0577638	0.0613012	0.085182	0.0207185	0.0360969	0.125773	0.0399481	0.0522662	0.0585283	0.0499323	0.0685848	0.00673337	0.0240911	
0.177611	0.0058464	0.0864912	0.0774032	0.0576987	0.0683506	0.0220144	0.0248293	0.0566471	0.0430807	0.0124697	0.0382682	0.0155407	0.0516999	0.085302	0.0567135	0.0389782	0.0251238	0.0161871	0.0397439	
0.16718	0.00712219	0.0487911	0.105013	0.0244005	0.0331244	0.019786	0.0555927	0.0605614	0.111846	0.0219612	0.0340634	0.0142955	0.0488992	0.0744661	0.0483416	0.0421495	0.0542394	0.00756	0.0206068	
0.223138	0.0201575	0.00612216	0.00501396	0.187022	0.0251852	0.00574152	0.117488	0.00462123	0.0768302	0.0205168	0.00700697	0.00653054	0.00496922	0.00680654	0.176728	0.0223866	0.0416792	0.0323934	0.00966246	
0.0245146	0.0189509	0.236282	0.0127283	0.0294118	0.0156802	0.010762	0.0247644	0.0107952	0.234911	0.0897182	0.144675	0.0296394	0.00917273	0.0190417	0.0216734	0.0129428	0.0278123	0.0135511	0.0129717	
0.02129	0.00652611	0.136297	0.155679	0.0229889	0.0413042	0.0168658	0.113343	0.0148856	0.0224393	0.00624725	0.0147726	0.0236147	0.0172148	0.0133295	0.0193288	0.0153044	0.114501	0.120011	0.104057	
0.276366	0.0142707	0.00567266	0.00829152	0.0110703	0.0350528	0.00454433	0.0836434	0.00773723	0.0365229	0.0102617	0.00831404	0.346048	0.00621576	0.00946771	0.0287417	0.0253524	0.0701505	0.0066097	0.00566691	
0.0946607	0.154819	0.0173206	0.0188957	0.0381215	0.05749	0.0212098	0.0512251	0.040309	0.105946	0.025346	0.0246343	0.0155606	0.0268558	0.0556138	0.0663451	0.0518972	0.0836158	0.0140524	0.0360818	
0.0272007	0.00757769	0.0346429	0.0321874	0.0487113	0.142992	0.0433511	0.0207195	0.106267	0.170006	0.0388859	0.111008	0.0095406	0.0365936	0.0548346	0.0292858	0.0190504	0.0181151	0.0094786	0.0395527	
0.151644	0.00485017	0.0838801	0.105241	0.0719263	0.0437229	0.0127498	0.0194543	0.0437864	0.0275996	0.00968278	0.0255007	0.149385	0.0305169	0.035054	0.0527332	0.036126	0.026466	0.00693815	0.0627434	
0.0380536	0.0087295	0.0505999	0.0644949	0.0354219	0.019886	0.0229512	0.0905762	0.0851029	0.0583651	0.0200585	0.0350148	0.0168617	0.0394283	0.0541968	0.0331567	0.216698	0.0648769	0.011441	0.0340867	
0.0774128	0.0137991	0.101265	0.0423484	0.0771574	0.0400847	0.151737	0.0684018	0.0231072	0.0578401	0.0191662	0.0318544	0.0187054	0.0370866	0.0219943	0.0490812	0.0359462	0.0810739	0.0191566	0.0327825	
0.0204669	0.00618406	0.00867553	0.00592153	0.140489	0.0450317	0.00743375	0.00594687	0.00535818	0.0305222	0.0051924	0.0106829	0.0110902	0.00522232	0.0100208	0.185072	0.182388	0.00814768	0.288716	0.0174381	
0.199478	0.00452885	0.0652241	0.0982533	0.0542645	0.0378841	0.0169344	0.0279865	0.135804	0.0417295	0.0115527	0.0411968	0.0170677	0.0518419	0.0385608	0.0523754	0.0410004	0.0273687	0.00632046	0.0306281	
0.13663	0.0187182	0.0191986	0.0275981	0.0269883	0.0294827	0.0749898	0.0525401	0.0707718	0.115916	0.0230699	0.0229729	0.0109273	0.0258708	0.0468205	0.0547171	0.0410397	0.0865423	0.0161254	0.0990807	
0.0218914	0.00712009	0.106706	0.0220689	0.176227	0.0241256	0.00800275	0.0202726	0.0130484	0.238413	0.0175214	0.0919759	0.00985567	0.0106289	0.0100717	0.0956975	0.0874697	0.0208736	0.0113992	0.00663076	
0.087884	0.020369	0.0175787	0.0266596	0.0312902	0.0296998	0.0312238	0.0597743	0.0373604	0.103034	0.0223242	0.168113	0.014644	0.035362	0.0559849	0.0490465	0.0555683	0.0799704	0.00977653	0.0643359	
0.0573711	0.00609296	0.0733626	0.0717849	0.0189823	0.0384708	0.0205595	0.0825437	0.188422	0.0883732	0.0166247	0.0534176	0.0158592	0.0408331	0.0317218	0.0541943	0.0545024	0.0663001	0.00525493	0.0153292	
0.0823656	0.0129453	0.0295539	0.106261	0.0246994	0.0229204	0.0186293	0.0328271	0.104038	0.0476224	0.0167503	0.0278983	0.0142986	0.0555823	0.0440993	0.0443797	0.0856433	0.208264	0.00359736	0.0176237	
0.0667117	0.0129013	0.0766601	0.0609428	0.0433177	0.0391726	0.0295378	0.0690798	0.0640584	0.0687925	0.0201699	0.0474811	0.0200666	0.0465965	0.0660523	0.0609632	0.0532857	0.0814051	0.0312764	0.0415286	
0.0823892	0.0155635	0.0138177	0.0152125	0.0514832	0.0651722	0.0176302	0.0559599	0.0141494	0.0898498	0.0203831	0.0250673	0.237258	0.017692	0.0177224	0.0551784	0.0550698	0.0863982	0.0220777	0.0419258	
0.0362688	0.00503847	0.155673	0.0410233	0.0815892	0.119747	0.0130289	0.00788697	0.0332641	0.0157898	0.00532721	0.0381785	0.0416875	0.0240706	0.0377355	0.0992605	0.125186	0.0125642	0.0337456	0.0729358	
0.0421551	0.0109226	0.00881793	0.0112133	0.0204538	0.0229966	0.0115524	0.0403826	0.120656	0.300359	0.0149743	0.0104561	0.0162492	0.0186214	0.108864	0.0180614	0.0194469	0.173069	0.0116988	0.0190492	
0.0324883	0.00414068	0.0665814	0.0674028	0.0861095	0.271187	0.0185628	0.00526601	0.102975	0.0113234	0.00507396	0.065007	0.0142907	0.0547232	0.0534948	0.0335537	0.0218082	0.00932716	0.0046973	0.0719871	
0.0965792	0.0113239	0.0572141	0.0583868	0.024215	0.0380222	0.0202456	0.0446404	0.0641336	0.17465	0.0253819	0.0375157	0.0141164	0.0725771	0.0604061	0.0513119	0.0538437	0.0631528	0.007897	0.0243867	
0.175973	0.0417333	0.00765825	0.00693468	0.0400434	0.0558605	0.00821429	0.0362635	0.00692457	0.141067	0.0198821	0.011486	0.00930933	0.00802386	0.0100478	0.0435749	0.174862	0.0978987	0.0629891	0.0412539	
0.280552	0.0348287	0.00874759	0.00696001	0.0595902	0.0340237	0.00840361	0.02527	0.00717468	0.0516206	0.0182477	0.0120251	0.0126143	0.00638099	0.00990833	0.0294969	0.051652	0.26279	0.0266946	0.0530191	
0.0328567	0.0168984	0.01376	0.0376311	0.165925	0.0276495	0.136583	0.0208709	0.0174897	0.11272	0.0722143	0.189617	0.0113754	0.025183	0.0249159	0.026225	0.0150105	0.0272477	0.0104215	0.015407	
0.0204151	0.00465068	0.129127	0.0380213	0.0148847	0.249019	0.0153058	0.0877675	0.0210046	0.153745	0.0132399	0.0721712	0.01015	0.0162733	0.0169989	0.0274174	0.0120073	0.0870525	0.00299848	0.00775013	
0.0934407	0.00511883	0.0351104	0.166487	0.00973991	0.0213802	0.0127542	0.0489704	0.075166	0.0465128	0.0117943	0.0224498	0.184106	0.0349118	0.0348964	0.04095	0.0462193	0.0994711	0.00299678	0.00752349	
0.0598705	0.0110336	0.0373301	0.117035	0.0410511	0.0271507	0.0285814	0.0550275	0.0583097	0.078554	0.0195684	0.0328421	0.0142049	0.0474324	0.0759876	0.0501041	0.0933643	0.0977077	0.0132363	0.0416092	
0.0991452	0.0153472	0.0199436	0.0276385	0.047887	0.0858922	0.0190421	0.0441215	0.0415629	0.0426553	0.165137	0.0357191	0.00949742	0.0612492	0.0372386	0.066522	0.0536732	0.0767679	0.012348	0.0386117	
0.0352905	0.0582539	0.0159548	0.0135685	0.0196434	0.0358082	0.0158939	0.201833	0.0102115	0.0501909	0.115942	0.114979	0.0155391	0.00865177	0.013546	0.210714	0.017561	0.0276195	0.00601754	0.0127819	
0.0126662	0.0032486	0.00259667	0.00155476	0.0639748	0.534656	0.00323203	0.110032	0.00133213	0.0213074	0.00537462	0.00408115	0.00312833	0.00150792	0.00287177	0.0145434	0.00633161	0.118467	0.00721381	0.0818798	
0.063607	0.00533578	0.0879715	0.0737819	0.0107484	0.0899965	0.018432	0.013729	0.098551	0.0214705	0.00754293	0.0388355	0.243258	0.0373705	0.045603	0.0640341	0.0441728	0.0190716	0.00589618	0.0105919	
0.0502362	0.0192537	0.0135657	0.0222462	0.0329943	0.0337285	0.0505367	0.0475423	0.0325221	0.169999	0.0196871	0.0274448	0.0253114	0.0323958	0.183776	0.0390363	0.0527204	0.0657688	0.0222278	0.0590065	
0.101618	0.0104935	0.0116722	0.00735626	0.0182198	0.229564	0.00805398	0.150396	0.00584086	0.199731	0.0148444	0.0143166	0.0134536	0.00572596	0.00854928	0.128117	0.0211142	0.0268359	0.00540146	0.0186958	
0.0774512	0.00990023	0.0571311	0.0872859	0.0396482	0.0463368	0.0235123	0.0601537	0.0674566	0.106615	0.0230609	0.0415327	0.018488	0.04686	0.0566789	0.0646358	0.0539963	0.0652972	0.0121704	0.0417893	
0.0684758	0.0101548	0.0524223	0.0602107	0.0359339	0.134595	0.0261377	0.0679781	0.0546925	0.0794236	0.0231227	0.044791	0.0206554	0.044406	0.0617259	0.0664724	0.047437	0.0674842	0.00951257	0.0243686	
0.236589	0.019572	0.00436981	0.00455559	0.0925758	0.261217	0.00397329	0.0645108	0.00439922	0.134785	0.026609	0.00649052	0.00644566	0.00451775	0.00613677	0.0275882	0.0208289	0.0529426	0.0102193	0.0116742	
lnL: -6.75313e+06
